# Simplified map of mainland French administrative areas. Data source https://gadm.org/download_country.html
194
5.623747825000123 45.61326980700011 1 2 3
5.1010675420001235 45.81337738100018 0 4 5
5.831226349000076 45.938461303000054 0 10 12
6.260566235000056 45.12684631400003 0 33 46
4.780213357000093 46.17667770300011 1 6 7
4.756935596000119 45.45570755099999 1 30 7
5.3105611790001035 46.4467735290001 4 8 9
4.3880796420000365 46.21978759799998 4 5 21
6.064008713000078 46.416225433000136 6 10 11
5.2552361490001545 46.97988891600005 6 48 57
5.9560632710001755 46.132087708000086 2 8 12
6.1381087300001695 46.557659150000006 8 59 61
6.815085887000066 45.782726288000106 2 10 46
2.565378904000056 46.14303970400016 14 15 16
3.6938915250000264 45.930957794000165 13 21 23
2.281047583000145 46.420406341000046 13 17 18
2.4921255120001433 45.737670899000136 13 40 47
3.032068253000091 46.79491043100006 15 19 20
2.167785644000105 46.42407608100007 15 90 91
3.629423617000157 46.74945831300005 17 21 22
2.8746252050000862 47.520423890000075 17 52 66
3.8995335090000935 46.2759132380001 7 14 19
4.115967274000184 47.123336793000135 19 50
3.897408485000085 45.357082367000146 14 28 42
3.998162986000011 44.459796906000065 25 26 27
3.86252737000018 44.74387359600013 24 28 29
4.649223804000144 44.27035903900003 24 32 35
3.3736481670001695 44.17076492300009 24 36 187
4.4831347460001325 45.23644638200011 23 25 30
3.361342668000134 44.971412660000055 25 36 42
4.755997180000065 45.36568069500015 5 28 31
4.800493717000165 45.29835891800013 30 32 33
4.650615215000073 44.32980728200016 26 31 34
5.801469803000089 44.70677948000014 3 31 43
5.49878787900019 44.11571884299997 32 43 45
4.73906135600015 43.92406845200003 26 188 189
2.981677054000045 44.64467620900007 27 29 37
2.2074751860000674 44.61553192100007 36 38 39
2.0629143720001366 44.97650527900015 37 40 41
1.8820827010000585 44.34007263100017 37 160 186
2.5084085470001014 45.47850799500003 16 38 42
1.448261499000182 45.01931381200018 38 152 159
3.1034982200001764 45.35437393300003 23 29 40
5.676037312000176 44.19143295300012 33 34 44
6.954267024000103 44.65407943800011 43 46 191
5.7573328020000645 43.729408263000096 34 192 189
6.632041455000149 45.10973739700012 3 12 44
1.8987307550001447 45.69827651999998 16 91 152
4.209834100000137 47.15541076599999 9 49 50
4.106085778000022 47.33925628800017 48 51 52
4.181901931000141 47.15051269600008 22 48
4.293424129000073 47.92567443900003 49 53 54
2.9765379430000394 47.569427491 20 49 67
4.704238415000077 48.020240784000066 51 55 56
3.4147915840000564 48.39027404800004 51 67 71
5.3740787500001375 47.60454177900016 53 57 58
4.670183181000141 48.531887054000094 53 71 119
5.518538952000085 47.30418777500017 9 55 59
5.884726524000143 47.92604827900004 55 62 64
5.698726178000015 47.265007019000166 11 57 60
6.80700540600003 47.56280136100014 59 61 62
6.939178945000037 47.43370056100002 11 60 63
6.823538781000138 47.81305313200005 58 60 65
7.130345820000173 47.50302505500014 61 65 69
5.470061778000058 48.42092895500008 58 119 123
6.846179962000008 47.82294464099999 62 63 68
2.2392137050000542 47.62097930900006 20 90 93
2.9363143439999817 48.163391114000035 52 54 70
7.198282241000072 48.310478211000145 65 69 121
7.577873231000126 48.12128830100011 63 68 120
2.4026641850000487 48.320720673000096 67 103 111
3.5556137560001275 48.62028503400006 54 56 115
-3.5648388859999613 48.18574523900014 73 74 75
-3.6497983939999585 48.66708374100017 72 76 75
-2.2872784129999673 48.13374710200003 72 78 80
-3.519305944999928 47.80306243900003 72 73 81
-2.125972999999931 48.60659800000019 73 77
-2.0026400099999364 48.56877136200018 76 78
-1.9698610309999367 48.536067962000175 74 77 79
-1.5782022479999114 48.640972138000166 78 83 84
-2.097035645999881 47.63135910099999 74 82 81
-2.457982301999948 47.447639466000055 75 80 89
-1.2458823909999523 47.77671814000013 80 85 88
-1.0701645619999454 48.50849533000019 79 85 86
-1.1172200449999536 49.34458160400004 79 146 138
-1.2382516859998987 47.80998992900015 82 83 87
-0.8603628879998837 48.50145721500007 83 146 98
-0.38170385399996576 47.760570526000095 85 109 98
-1.1485711339998943 47.02955246000016 82 158 89
-1.9823599999999715 47.0277481120001 81 88 156
1.8390792600000623 47.21930694700012 18 66 92
1.4151904570001648 46.347217559000114 18 47 105
1.3266655210000522 47.18622589200004 90 106 96
1.5201238390001208 47.98227691700015 66 94 103
0.8412172200000327 48.10306167700014 93 95 96
0.7976554630000692 48.19446182200005 94 97 98
0.6144312030001515 47.69421386800008 92 94 109
0.8148190970001679 48.67016983100007 95 99 100
-0.054531205999921895 48.38200378500011 86 87 95
1.5015238530001511 48.94105529700005 97 101 102
0.41281452800018315 48.95062637300009 97 146 136
1.9221489430000815 48.45759964000007 99 103 104
1.608796120000079 49.0778923040001 99 133 140
1.9940847160001454 48.286586762000184 70 93 101
2.2265594000000988 48.77610016000017 101 139 140
1.1772799490000807 46.383953095000095 91 106 107
0.8674688930000798 46.74821853700013 92 105 108
0.8234333980001338 46.12858963000002 105 148 151
0.05373978600010787 47.164611817000036 106 109 110
0.2300017330001083 47.60839843700006 87 96 108
-0.10212147299989738 47.06480789200009 108 148 158
2.5716602810001064 48.69202423000007 70 139 142
4.047973155000136 49.40564346300005 113 114 115
4.23306846600002 49.95782470700004 112 116 117
4.950989247000109 49.2368659980001 112 116 119
3.485187531000065 48.85190963700006 71 112 125
5.393536567000069 49.617088318000185 113 114 118
4.1409792910001215 49.978805543000135 113 128 131
5.470910550000099 49.49721527100007 116 123 124
4.9884281160001365 48.684429169000055 56 64 114
7.63539266600003 49.054008485000054 69 122 124
7.123165131000121 48.51359176600016 68 122 123
7.079360008000037 48.536418916000116 120 121 124
5.765154838000171 48.496494293000126 64 118 121
5.893401623000159 49.49691772400007 118 120 122
3.0718843940001648 49.117553710000095 115 126 127
3.118652343000008 49.70583343600009 125 128 129
2.5905241969999793 49.07965469400011 125 133 134
3.172707318000164 50.01199340800014 117 126 130
1.7848453520001613 49.75790405400005 126 135 137
3.090253592000181 50.05374145400009 128 131 132
2.0750062459999867 51.00763702299997 117 130 132
1.615832806000185 50.36854934600012 130 131 137
1.704364180000141 49.23220062299998 102 127 135
2.5530605320000745 49.00981521700015 127 143 142
1.7139375210001049 49.409225465000134 129 133 136
0.29714158100006216 49.43361282300003 100 135 138
1.3797229530001118 50.065029145000096 129 132 138
0.29319500900004414 49.433376312000064 84 136 137
2.320718050000039 48.74875640900018 104 111 141
2.200591088000124 48.90867996200012 102 104 143
2.3319089410000515 48.81701278700018 139 144 145
2.592280387000187 48.807437896000124 111 134 145
2.2909736630000452 48.95096588199999 134 140 144
2.3198845379999966 48.90045929000013 141 143 145
2.4163396350000426 48.849239350000005 141 142 144
-0.8409360049999464 48.75222778400007 84 86 100
-0.1029368789999694 45.96966171200012 148 149 150
0.19735305100005007 46.095558167000036 107 110 147
0.004330745000174829 45.191631317000144 147 151 153
-0.7504755269998782 46.30426025400004 147 156 158
0.6297424430001115 45.714569091000044 107 149 152
1.2531518939999842 45.44421768300003 41 47 151
-0.04020034199982092 45.1023826600001 149 154 155
-0.7173619859999008 45.3285217290001 153 156 157
0.2973250740000708 44.76229476900011 153 159 161
-1.0929142529999467 46.31485392500019 89 150 154
-1.2537490319999165 44.467636158000175 154 161 162
-0.8919606209999529 46.9758262630001 88 110 150
1.0751408330000345 44.5773239130001 41 155 160
1.0640838150000036 44.378513337000186 39 159 165
-0.14068896999987146 44.22641372700019 155 157 163
-1.5231939559998864 43.52950668300019 157 164 167
0.07604561000005106 43.98314285300012 161 164 165
-0.24283707199992932 43.584983825999984 162 163 166
0.7418847680000908 44.06520080600012 160 163 168
-0.09678297599987218 43.58240509000018 164 167 169
-0.2931324849998873 42.838829041000054 162 166 170
0.9539831290001075 43.787372589000086 165 169 179
0.6068109859999709 43.310886384000185 166 168 170
0.4768428210001616 42.69961929300007 167 169 175
2.1660537720001116 42.66391754200009 172 173 174
1.7842088940000735 42.57571792700014 171 175 176
1.6884196999999972 43.27355194200004 171 175 177
2.9890279760000453 42.86454002400012 171 180 183
0.8583056920001582 42.825717927000085 170 172 173
3.0420839990001127 42.8388059990001 172 185
2.0291328440001166 43.43689727900011 173 178 179
2.565787316000069 43.42295837300003 177 180 181
1.5556172130001755 43.91831588800011 168 177 186
3.239354849000165 43.213470459000064 174 178 182
2.935462950999977 43.69466781500017 178 186 187
4.10130977700004 43.554862977000084 180 187 188
3.0276379990001487 42.84544399900011 174 184
3.032361000000037 42.84327299900008 183 185
3.035139000000072 42.8419990000001 176 184
1.9901707180001154 44.14945220900006 39 179 181
3.3583593380001844 43.91383361800018 27 181 182
4.229757786000164 43.45986175500008 35 182 190
5.753650665000123 43.72462081900011 35 45 190
5.670959949000121 43.17958450400005 188 189 193
6.900650024000129 44.367191314000195 44 192 193
6.6363959320000845 43.78895187300003 45 191 193
6.933195114000114 43.48015594600008 190 191 192
