# Data source: https://houseofgraphs.org/graphs/1347 (Thomassen Graph 105)
105
0.602789125228905 0.10122195067762707 15 25 100
0.6019439357656006 -0.09446789602310579 16 26 100
0.2787434849978867 0.57631637413908 20 29 102
0.10362022820115513 0.6344367918240392 19 28 102
0.27705310607127753 -0.5695623194845587 18 27 101
0.1029440766305112 -0.6282159520106645 17 30 101
-0.42563741372024233 0.45101088646967336 24 31 104
-0.5328074376672773 0.29229060208842483 23 33 104
-0.42039723904775306 -0.44923350366585213 21 32 103
-0.5282434145654316 -0.2898022661630746 22 34 103
0.17765882518664577 0.006487447233948007 11 12 100
0.05865614875334524 0.17711619640079979 10 13 102
0.065755740245105 -0.16396356365252185 10 14 101
-0.12931398788561754 0.11046434125749838 11 14 104
-0.12339766164248489 -0.10122195067762707 12 13 103
0.8369066065643046 0.06194179071317507 0 16 55
0.8372446823496271 -0.06105309931126435 1 15 56
0.20487392590505693 -0.8537658298155967 5 18 64
0.316946048739259 -0.8162630526549655 4 17 63
0.20639526693900567 0.8557209508998 3 20 58
0.31914354134385126 0.81910686514108 2 19 57
-0.63237075644457 -0.5645856476338591 8 22 62
-0.7013382166502327 -0.4645189957787159 9 21 61
-0.7075926186786871 0.464518995778716 7 24 60
-0.6386251584730244 0.5638746945123306 6 23 59
0.6822369347795463 0.23452566096423033 0 35 67
0.6857867305254262 -0.22812708287047334 1 36 68
0.42377799690097184 -0.6088424794490113 4 40 69
0.005071136779828178 0.7554765607642748 3 43 74
0.4236089590083112 0.6129304598978004 2 44 72
0.006592477813776698 -0.7531659631193075 5 39 71
-0.4193830116917876 0.6102643856920684 6 42 73
-0.41110015495140173 -0.6077760497667183 8 37 70
-0.6747992675024652 0.23132637191735184 7 41 66
-0.6719256233272293 -0.23310375472117295 9 38 65
0.9002958163121568 0.3031326371917352 25 55 77
0.9018171573461049 -0.30135525438791344 26 56 75
-0.5532610226792506 -0.8007998222617192 32 62 80
-0.8935343006057193 -0.31255276605198823 34 61 83
0.006592477813776698 -0.9940013330371031 30 64 81
0.5549514016058601 -0.8052432792712731 27 63 82
-0.8948866037470067 0.3072206176405242 33 60 84
-0.5603606141710101 0.7997333925794268 31 59 78
0.007099591491759316 0.9934681181959564 28 58 79
0.5564727426398085 0.8075538769162407 29 57 76
0.7251725595154244 -0.4702066207509441 47 68 75
0.7272010142273557 0.4746500777604976 50 67 77
0.6519791519932384 -0.5756054210175519 45 69 82
-0.2028454711931258 0.8727838258164853 49 74 79
-0.3221862234117482 0.8329704510108866 48 73 78
0.6538385688125086 0.5791601866251943 46 72 76
-0.19929567544724625 -0.8695845367696067 52 71 81
-0.3142414424566842 -0.8272828260386573 51 70 80
-0.8424848570221157 0.06211952899355688 54 66 84
-0.8407944780955062 -0.06798489224616766 53 65 83
1.0233554021693192 0.15169962230615397 15 35 90
1.0262290463445547 -0.1513441457453899 16 36 90
0.4564023101845327 0.9781826260830928 20 44 91
0.18272996196647417 1.0707842701621864 19 43 91
-0.7449499929567547 0.7536991779604532 24 42 92
-0.9119594309057614 0.5064652299489003 23 41 92
-0.9095929004085084 -0.5100199955565428 22 38 94
-0.7407240456402312 -0.7547656076427458 21 37 94
0.4564023101845327 -0.9762275049988888 18 40 93
0.18036343146922107 -1.0709620084425682 17 39 93
-0.6115790956472743 -0.10175516551877362 34 54 89
-0.6088744893646992 0.09908909131304178 33 53 89
0.5618819552049584 0.3063319262386137 25 46 85
0.5659388646288209 -0.2994001333037102 26 45 86
0.45133117340470497 -0.4645189957787159 27 47 86
-0.26910832511621363 -0.5873361475227727 32 52 88
-0.09415410621214282 -0.6568318151521884 30 51 88
0.45285251443865304 0.47198400355476555 29 50 85
-0.28009578813917446 0.5965785381026436 31 49 87
-0.09702775038737854 0.6577205065540991 28 48 87
0.9197351739681645 -0.5046878471450786 36 45 95
0.7446119171714322 0.761341924016885 44 50 96
0.9200732497534863 0.5046878471450791 35 46 96
-0.46434709113959716 0.9760497667185071 42 49 97
-0.17427806733342743 1.0741612974894466 43 48 97
-0.456909423862516 -0.9756942901577421 37 52 99
-0.17309480208480077 -1.075049988891358 39 51 99
0.7435976898154673 -0.760275494334592 40 47 95
-1.0236934779546418 -0.15916463008220383 38 54 98
-1.0242005916326242 0.15472117307265076 41 53 98
0.33587829271728387 0.261008664741169 67 72 100 102
0.3406113537117901 -0.2517662741612976 68 69 100 101
-0.12305958585716326 0.41741835147744955 73 74 102 104
-0.11443865333145542 -0.4069317929349032 70 71 101 103
-0.39859135089449227 0.0015107753832482862 65 66 103 104
1.2000000000000002 -0.00008886914019123893 55 56 95 96
0.3707000986054374 1.2000000000000002 57 58 96 97
-0.9709536554444287 0.7416129748944679 59 60 97 98
0.3707000986054374 -1.2000000000000002 63 64 95 99
-0.9709536554444287 -0.7416129748944673 61 62 98 99
0.9707846175517676 -0.7416129748944673 75 82 90 93
0.9707846175517676 0.7416129748944679 76 77 90 91
-0.3708691364980984 1.2000000000000002 78 79 91 92
-1.2000000000000002 -0.00008886914019123893 83 84 92 94
-0.3708691364980984 -1.2000000000000002 80 81 93 94
0.3666431891815751 0.006842923794711964 0 1 10 85 86
0.12221439639385823 -0.35734281270828694 4 5 12 86 88
0.11511480490209847 0.3680071095312153 2 3 11 85 87
-0.2780673334272433 -0.22119528993556958 8 9 14 88 89
-0.2849978870263419 0.22723839146856262 6 7 13 87 89
