# Data source: Portrait of Abraham Lincoln filtered with https://snorpey.github.io/triangulation/
2291
310 -454 1156 604 532 1294 222 1678 1507
182 -534 2029 1557 1164 265 641 1441 1873
284 -402 1326 2175 1510 269 2072 14 1958 279
244 -100 1819 420 954 489
454 -584 1624 1150 322
508 -704 898 992 1648 1691 2233
294 -366 361 1377 271 1066 1065 325 1962 8
608 -642 1420 399 446 213 2206 1865
286 -362 814 1154 2001 325 1065 6
198 -478 2007 1927 2042 912 123 1552
298 -336 2262 492 523 957 1385 1070
110 -514 1896 1887 1258 1975
260 -718 2109 1344 1826 1602 1381 494
296 -412 1037 2119 1165 699 1958
288 -408 1966 1165 699 2 2072 1958 78
316 -390 426 1697 1213 231 1391 1039 2099
432 -156 2213 1345 153 1891 619 255 1320 2039
314 -280 2005 1496 1878 1568 144 2203
406 -692 1444 2189 1260 248
286 -218 86 499 657 2102 1497 1918
186 -280 1187 1694 622 924 177 1613 2104
88 -648 1806 740 1172 713 180 1874 1544 1858 1189
358 -472 1569 660 1838 1305 2252 130 1867
344 -308 623 1266 696 663 209 1394
216 -388 759 1337 1182 191 1267
400 -734 116 1638 2122 358 885 1444
262 -126 1920 372 1965 1388 712 1918
370 -482 1893 1278 2270 1712
446 -212 1295 336 183 487 1361 1831
280 -674 571 1040 966 2237 963 339 1049
400 -590 2017 1716 2012 1208 1851
360 -288 611 1539 541 1855 273 665 696 663 2054
212 -310 2014 913 1476 300 331
398 -400 633 1503 1106 68 1721 556 2217 1797
364 -258 1363 1192 2214 2216 1709 443 2284
350 -360 2015 1224 2240 1796 1610 625 1351 631
320 -746 473 1344 978 343
228 -254 1362 635 344 994 1842 985
254 -392 941 152 735 733 2022 507
394 -286 229 1715 1996 2023 1109
262 -512 1499 306 1985 938 2019 2149
254 -248 901 1317 1672 1023 2173 827 403 516
376 -390 156 1019 1112 704 2217 876 1367 105
282 -346 1930 136 640 794
252 -732 559 1932 1933 1204
408 -342 1739 676 698 864 1727 110 1804 470
288 -542 1853 1061 472
262 -224 686 362 1064 408 753 179
508 -694 1242 1423 717 1657 898 787 1744 2233
90 -526 1126 801 101 1987 1639
364 -500 1516 366 2278 959 755 1193 1565 730
382 -554 377 1946 2038
334 -514 235 1207 1128 1086 1645 1522
514 -710 828 157 627 1129 1691 1648 393
328 -354 692 1310 190 1880 1741
240 -470 464 1894 259 380 1532 166 1885
436 -116 2049 2048 1572 263 1948 1883
618 -538 479 797 620 1038 1221 661 370
208 -374 1945 2037 1679 1765 1922 1273 960 1794 1777 1701 1182 1337
226 -428 1271 968 2201 1307 242 2248 251
346 -344 1096 1392 2160 379 2059
340 -300 663 2054 725 503 1394 1095
180 -168 810 147 490 1852
404 -550 2220 534 1411 189 1946 1502 428
458 -670 950 1587 1847 2247 2287
204 -296 1093 1209 1890 761 2058
588 -636 1865 2206 213 1047 125 1413
438 -728 828 885 2062
402 -396 1106 676 1457 33 556
314 -512 2064 2024 1522 1207 1911 1512 1382
294 -454 1025 1198 1234 604 1590 1107 1156
260 -312 598 1849 1287 703 1635 215 1617
232 -70 1595 1238 1686 2183 1291 2010
270 -362 814 1154 397 2067 2025 75
236 -220 1594 445 278 1643 565 1284
262 -358 592 2068 2025 2067 73
308 -474 715 986 2171 948 392
302 -314 1471 2026 1155 1293 493 1306 2195
280 -412 642 781 2072 1966 14
396 -178 897 126 1289 94 2085 142 564
286 -306 88 1468 1558 2028 2271 1155 412 144 578
368 -116 1233 694 1254 1175 2182 889 1861 2177
486 -480 1780 797 2097 402 404
644 -688 1115 2031 2030 2139
279 -38 1044 1195 1219 1370 1882 1454
284 -382 351 1561 784 1835 515
270 -218 499 19 408 1064 686 405 1918
444 -254 2194 1708 1170 2151 1823 1733
276 -298 80 1468 598 412
212 -542 1236 1735 1778 1640 1919
328 -308 1432 1489 1943 503 725 304 1480
218 -436 355 1787 2276 2201 1976
358 -596 1433 1208 519 1072 2035 220 1166
448 -224 1708 2279 1978 880 1988
400 -184 79 126 2085 178 1380 777 518
292 -242 1174 961 1482 1085
220 -482 498 296 1255 1378 135
374 -540 1141 1261 1570 1693 1431 2161 629 2038
338 -474 1077 1872 1305 2093
398 -488 634 1762 1622 2060 424 2004 1272 134
0 -744 1746 2018 2095
94 -522 1987 49 1126 1975 1664
264 -408 514 2167 349 603 1680 103
256 -404 431 1259 1680 349 102 2249
362 -422 1082 736 1389 1699 734 839
382 -400 1582 1019 697 1797 1367 42
334 -360 328 692 240 1601
186 -116 167 218 768 1801 748 160
212 -254 2211 245 1603 728 695
238 -392 1022 152 1705 2118 803
406 -348 698 45 1804 706
582 -690 157 1902 2256 395 2166
216 -224 1145 382 1102 504 766 1051
574 -606 1598 701 2021 1914 2288 1456
364 -238 1277 1446 2115 1201
238 -248 985 270 607 480 2257 901
364 -732 394 2122 1638 25
400 -426 1229 2225 262 2123 1757
266 -346 640 596 1105 1405 1328 261
392 -342 976 2020 1627 1722 1407 772 1120
214 -564 615 1743 478 1035 1384
272 -542 1944 546 1148
352 -614 1433 984 752 1282 1171
190 -472 1922 1931 363 2267 912 9 1552
344 -530 1923 1824 2131
584 -628 679 1865 66 1413 707 437
392 -198 1964 1767 178 79 897 94 2264
402 -242 1817 2194 1589 1464
314 -358 190 1880 497 1066 774 2008 1377 762 757 172
328 -442 1089 756 863 1829 1509
360 -474 1830 681 2252 22 1867
236 -704 1386 2127 1288 2138 332
184 -514 1459 2135 2029 1372 276
366 -554 1647 449 909
426 -456 1206 1520 554 1762 2004 99 1162
216 -466 528 2042 1378 498 96 2274 1169 614
288 -342 557 492 1930 243 640 43
78 -532 1725 801 1415 1737 1246 1639 1414
602 -538 2265 1916 1221 1038 1904 1651
352 -506 1562 998 714 1516 621 1597 755 680
642 -574 1612 569 1779 1828
166 -236 282 727 2036 2144 917
400 -174 561 1519 2085 79 564
186 -214 1216 1097 151 1402 382 504
312 -290 1878 1468 17 80 1155 1011 2203 572
306 -130 1215 455 1298 1659 921
326 -490 1527 1523 1785 903 2083 1863
172 -166 1825 802 290 411 62 810 1852
312 -326 1943 493 995 1478 1293
230 -522 1330 958 1015 951 1899 1972
324 -300 572 2155 415 589 1480 725 2141
182 -216 418 2269 1216 143 529 1135 504
248 -390 941 1054 38 295 735 1022 109 2118
438 -142 429 1891 879 691 16 2039
304 -62 329 1350 1020 1913 1034 2219 202 155
296 -58 202 154 1791 1020
374 -386 1019 1311 1668 1112 42
586 -714 1115 2031 560 747 983 750 1840 2011 1902 111 828 627 2166 53
372 -462 732 1278 2162 1569 2252 932 934
530 -670 2152 1981 1179 1488 1008 1130 798
210 -134 107 1801 748 644 2255 1909 672
248 -426 1017 268 1419 511 1360 1670
242 -352 1062 311 171 1758 2174 346 773 373
396 -410 1327 1759 633 1721 1503 1452 303
342 -210 1900 1580 1862 1954 2246 1942
318 -756 978 763 577 1344 343
250 -472 1986 239 702 1532 2277 464 55
184 -118 218 1323 107 748
196 -92 2053 741 671 1324 894
354 -678 2125 1677 824 1292 521
220 -220 1133 565 1145 520
246 -358 162 1758 2121 592 639 945 1616 2174
306 -372 1248 762 745 1377 367 652 128
292 -474 550 1032 1626 948 1057 785 1556
222 -638 1689 482 908 1430 1591 1467 826
310 -342 2262 1836 659 2043 1385
314 -492 1626 2024 608 2171 903 1863
168 -258 542 1564 1971 2231 2200 1685 622 20 1898 466 2104
402 -196 126 1964 1736 1380 836 94
254 -218 1153 753 483 408 1864 47
88 -680 740 21 2268 1874 188 1974 597
54 -538 1414 1246 1554 232 1816 1633 280
238 -130 1250 779 1920 857 709 1864 1918
444 -198 429 310 1938 487 28 1361 1704 844
396 -158 1604 1870 1160 758 606
400 -128 1143 1183 500 2057 1177 2266 2079 1474
370 -514 2084 1477 2193 1349 1455
374 -664 1827 1180 1866 2189 1292 1644
164 -674 180 1874 1449 1050 1799 597
392 -538 63 1411 1946 2038 1440 2150 629
318 -360 328 692 54 1880 497 128
222 -386 845 590 1267 759 24
302 -644 1805 886 2125 855 1808 1240 1726 1774 2076
174 -724 1050 2127 1667 1707 2013 1848 881
250 -76 2148 2197 1116 2190 1683
330 -334 1537 1837 533 1392 1137 830 2160 458
522 -684 1649 486 1695 2198 925
188 -250 1898 1888 764 1895
252 -414 812 268 431 1259 1761
586 -668 2030 1115 1623 1045 395 2166
256 -384 547 1151 1575 509 1054 941 2204 507
438 -132 257 2049 626 685 691 263
304 -52 1703 1711 2219 154 155 1791 2209
176 -132 291 1485 1323 748 2128
194 -180 937 1578 1717 1218 974
348 -238 1277 1533 1263 2210 457 1357
374 -376 1720 1191 2117 2070 1358 1668
192 -256 1895 764 284 669 2211
198 -150 383 1359 769
338 -310 623 1489 23 503 1394
586 -524 682 1912 1907 620
256 -240 2140 362 1331 403 2075 1672 516
294 -532 1382 927 1275 2024 396 2169 1853 555
594 -644 1420 7 2206 1623 2181 1047 66
178 -586 1915 1743 1547 1994 434 1764 1514
254 -316 1287 71 522 1617 2113 1186
452 -560 2220 1422 775 534
372 -308 1676 345 2016 468
184 -108 1323 1264 2053 167 107 2163 768
290 -418 776 2263 1966 1165
356 -592 2223 1374 519 92 1166 749
302 -392 1553 1738 1122 1039 1341 398 2087 1910 1391
314 -446 1294 863 1829 1408 1373 0 1678
328 -530 1923 782 356 1997 2226
572 -518 790 636 1912 347
376 -314 668 2290 1676 345 387 772 1401
276 -376 1063 1928 351 1421 444
232 -678 571 453 1050 2237 2044 1434
384 -138 2033 2079 2182 525
388 -288 562 1715 601 1325 1996 1194 895 39 1969
328 -386 1697 1652 870 2273 573 426 2099 288
320 -382 1248 2159 573 530 1391 15 2099
62 -532 1415 1737 1987 1554 181 1816
216 -590 2232 1416 1915 1555 1675
292 -320 243 947 1925 2026
336 -506 407 1597 1571 1207 1934 52 1128 680
378 -94 2092 694 1285 1254 1783
418 -316 2234 1739 1075 743
396 -148 2033 911 2032 1870
256 -482 702 535 1795 1986 166
336 -362 1437 1256 1755 328 106 2240 1601 625
202 -282 1362 1535 588 1613 1890 1871
228 -420 1307 1935 59 1493 2248
288 -322 947 234 2126 2028 640 136 1925 492
356 -340 1096 1392 533 293 1016 1713 2059 848 1352 2096
214 -256 1362 344 1603 1535 2211 108
440 -190 844 1938 538 967
280 -58 329 543 1882 1020 1370
428 -710 1260 18 1444 2062 1274 1399
330 -324 995 1837 1943 467 1745 1137
336 -218 854 1314 1862 2246 1398 2210
232 -426 1017 968 2248 59
348 -192 1027 1108 2180 1900 811 1580 1504
380 -410 734 1952 2158 1582 374 697
346 -268 965 2112 273 1214 1403 1529
426 -148 16 1345 1320 2261 1143 691 685
256 -374 539 547 1505
446 -126 2048 429 2049 201 626
18 -582 2120 1756 1319 821 1500 548 1995
234 -472 815 380 498 55 1885 1169
274 -508 2019 1101 2149 501 1144
268 -348 1405 118 640 794 1154 2067
402 -428 2123 853 117 1229 2207
430 -118 685 201 2049 56 1948 1183 1302
542 -588 1340 2103 1484 2111
186 -544 1164 1640 1557 1 1873
266 -424 552 551 977 642 603 742
138 -504 1897 1545 1441 2172 2254
250 -416 1052 1017 1839 812 161 1761 198 1419
278 -398 1510 1197 2 2258 279
236 -252 994 2257 985 115
290 -372 1332 361 6 1962 1281 1835
276 -474 1663 2229 1634 2063 1147
350 -274 2112 254 1855 31 665 1529
286 -518 1275 2024 388 1905 1101 1955
352 -54 2134 2130 1418 825 817
162 -488 1459 132 1372 1031 1765 1908 1552
202 -524 1557 2135 1778 650 1330 610 1629
238 -218 483 445 1643 74
274 -400 2258 269 2167 1773 2072 2
46 -542 181 1633 1769 1239 1414
38 -538 1633 1244 2124 1860 1239 1769
168 -238 727 451 917 141
440 -288 1881 834 2208 2088 1309 719
190 -262 764 466 2041 2280 669 207
418 -306 1970 2074 2234 743 406 822
126 -506 1621 1679 581 1545 1897
202 -236 695 728 298 936 1102 1984 1051
342 -396 230 1652 870 1479 419 334 1301 2275 736
124 -582 1245 874 1041 302 1303 1347
166 -170 2191 837 1825 411 147
178 -144 203 1485 1439 1321 1359 2128 383 1749
228 -410 1052 1935 1307 1992 1980
348 -326 533 244 1352 933 1181 467 1137
260 -442 1424 1487 1026 884 309 1442 1021
240 -384 590 1983 1054 152 509 1022
226 -486 1178 498 96 1255 321 1788 1750 1012
320 -264 2281 1000 1190 360 299
198 -238 287 695 2108 1753 1984
312 -260 297 360 2281 1784 2282 961
204 -318 1742 1608 1476 32 331 846 687
364 -270 460 1192 744 1318
120 -584 289 1303 1245 996
390 -408 163 1503 1327 1952 697
322 -310 1943 493 589 90 1480
394 -298 1996 849 406 353
262 -524 1499 1892 40 600 388 2019 1905
218 -72 942 1957 1238 2183
430 -108 1257 425 1572 2046 1948 1883
254 -440 294 1442 884 511 369 602 1670
644 -180 1205 797 569 429 1592 183 1361
230 -348 162 1062 2251 373 850 1492
236 -242 1152 558 607 474 526
342 -638 2129 654 1774 1726 1371 1548
178 -566 1164 615 641 1994 1322 1743
218 -602 1203 1247 1555 1547 1060 1515 1675
280 -434 327 1228 856 776
320 -470 914 861 2083 986 2133 1087 655
644 -36 425 1820 1469
74 -594 1973 1245 1055 1319 821 612
304 -382 1910 438 1473 367 1281 1332 652
214 -488 2007 330 1333 296 1255 1521 1750
454 -586 348 1150 1541 1587 1624 4
320 -506 1512 608 1207 1571
436 -272 2208 1881 1346 955 1312 1823 1884 1466
286 -364 1962 6 8 814 444
388 -232 915 441 1513 2115 1201 2132
284 -440 316 1228 776 1235 1025
328 -366 376 762 1655 1755 240 190 692 106 497
282 -70 154 1350 1438 1020 247 543 684 421 1308
210 -490 2007 321 1333 1927
218 -314 510 390 32 913 1608 300 1947 1617
242 -708 494 1381 835 1288 364 2138 1602 131
138 -736 1974 1929 2245 442 2050
352 -430 288 419 1528 736 1082 1699 1389 1653
380 -498 675 765 624 730
446 -214 1295 28 880 1361
550 -680 416 1936 2250 1981 705 1009 1179
0 -622 1354 841 731 806 2106
280 -676 963 29 883 1049
240 -374 1718 1588 771 1661
342 -242 1398 1395 457 465 1146 1357
252 -348 945 1461 1105 981 439 346
320 -748 1344 36 165 978
220 -252 1362 245 37 1603 1842
374 -310 1676 225 217 2016 387
248 -350 945 342 439 2174 162 773
574 -520 790 682 224 1912
446 -600 471 1511 1541 1200 1150 322
258 -400 2167 102 1841 2022 733 103 2249
240 -86 1116 1291 1696 647 1607
278 -378 1561 1682 85 1063 226 1962 444 1835
326 -126 1803 1811 1494 648 1723 1237
398 -294 2023 822 406 305 1996
276 -454 1549 892 1235 1673 1800
214 -442 2276 2241 1611 1787 91 536 800 365
318 -536 223 782 1997 858 1546 477
222 -562 2071 599 1036 1252 1560 962 1157 843 1035 900 1384
402 -758 517 1840 1638 885 25
164 -212 1249 837 2191 2144 1168 418 1605
310 -266 656 690 961 1878 1190 297 299
296 -368 6 1377 1332 271 745
262 -226 1331 1299 686 753 2140 211 47
198 -470 528 1931 123 912
238 -692 1602 1046 2138 1386 2044 963 946 1434 332
218 -448 800 355 1611 2002
364 -502 1516 50 1193 2193
308 -378 172 1248 530 320 438 652
296 -224 2102 586 657 922 919
244 -442 309 602 1894 1526 1442 1886 2052
626 -544 1090 479 661 57
524 -496 1949 2055 1220 813
262 -118 1596 417 916 617 1920 26 1965
228 -354 928 1758 1223 2251 311 162
374 -408 1582 2275 2158 253
224 -500 1098 1296 1832 1012 1750
326 -368 1530 762 1844 573 1655 328
378 -558 428 1946 909 1714 1261 618 2038 51
360 -244 443 1709 1446 1412 1277 1533
346 -346 930 2059 2160 60
236 -474 815 1532 259 55
238 -404 1705 1536 1980 1052 1458 435 803
198 -218 1402 1133 143 112 1145 504
200 -148 2128 291 1359 208 769 1268 2255
350 -352 848 1224 2059 930 1351
376 -490 2278 765 1712 2202
402 -362 739 2222 940 931 1636
382 -304 1325 1641 389 2016 345 225 772 849 1996
280 -522 600 306 1944 1275 274 1905 396
374 -300 1641 387 2016 468 1539 611
226 -322 331 510 1947 1901 1857 1110
570 -620 1921 707 475 1484 2205 1451 1961 1456 437
304 -470 76 715 710 1057 948
502 -714 53 828 1648 992
354 -736 116 2122 1638 473 978 1279 1766 824
580 -670 2256 111 1045 199 2166
284 -528 1944 388 2169 1275 212
270 -364 1421 814 2025 462 73
310 -400 1213 1341 570 1738 1599 1118 221
644 -654 1612 569 1420 7 792 446 2139
288 -498 990 2024 943 2289 1369
356 -516 1562 998 1436 2084
486 -482 1780 82 683 1869 404
258 -246 827 1331 211 516 41
478 -478 402 82 1869 1079 582 2097
278 -224 499 2147 686 1299 86 1003
404 -300 849 305 1960 353 822 743 285
330 -500 1785 1523 621 1597 235 1571 2091
262 -216 1064 86 1864 179 47 1918
316 -336 2188 2244 1537 1837 2043 423 2081 523 1846
256 -56 2082 1525 1304 904 1600 720
168 -172 2191 290 147 1852 2168 1132
276 -300 88 80 1558 598 1868
408 -190 1380 1736 568 988 518 777
552 -692 2011 1902 2256 1009 416 495 1447
312 -302 2195 1566 589 1011 150 572
544 -688 337 1936 1009 414 2242 1447 1567
258 -102 1596 867 420 372 1819 617
170 -218 2144 359 151 2269 1083 1605 796 529
336 -430 1479 524 1509 1740 1426 288 334 1528
250 -98 867 417 1819 3 954 2089
270 -76 329 684 1690 1308
360 -378 1940 1311 1754 1668 1358 584
312 -338 2043 409 523 1385
398 -490 1272 1579 2060 99
601 -32 2130 1820 318 476 1592 1776 429 1469 2048 907 1257 308 1572
322 -388 1697 230 15 2099
234 -504 2101 1542 1098 1390 1091 1081 838 1012
388 -562 1502 929 63 1946 377 618
450 -128 310 1592 425 183 2048 1938 1891 257 626 879 153
542 -656 2250 1981 1393 2243 969
260 -412 603 552 812 1680 103 1259 198
186 -612 563 1467 708 434 1060 1515
258 -488 1795 595 535 702 1662 938 501
170 -604 1347 1994 214 1303 939 708 1547 1060 432
242 -400 2249 735 2118 1458 381 803
422 -596 1511 1283 804 1200
580 -624 391 707 1961 679 125
306 -384 1910 1391 320 530 367
250 -340 981 342 1328 751 346 773 674
348 -646 1644 1866 1232 2129 1774 673
390 -234 915 326 786 1329 1376 1589 1201
112 -784 1149 1951 1771 1618 2228 1687 1929 333 2050
368 -252 1329 2214 1201 1446 378 1709 34
280 -368 325 814 1962 1421 226 351
246 -226 1153 483 2140 1053 1071 1594 278 74
604 -608 399 7 1612 788 1033 1334 1865 1356
276 -254 656 690 1167 1331 454
388 -166 897 1289 1160 1998 1028 758
366 -556 1647 133 1124 1297 1714 909
400 -140 2033 2079 2032 1004 1474
174 -242 2200 664 2231 1448 727 917 282
508 -496 1654 2055 2156 1822 819
230 -668 227 571 482 1050 2136 865
272 -256 1074 690 447 1331 1231
306 -132 1215 1811 145 1298 1497 2102 1027
208 -500 1333 1927 783 1521 575 1832
344 -244 1533 2170 205 1789 1498 341 465 1357 738
330 -346 830 195 2160 1741 1310
356 -218 2115 1646 1768 1263 854 1314 1850 2164
366 -268 1363 1192 2214 678 301 2176 1318
530 -636 2243 1451 2205 1991 969 2045 1574
268 -370 2025 397 1421 1928 737 1575 852 1505
170 -738 1692 1618 1667 2050 881
246 -468 1894 973 2277 166 55
340 -246 1146 693 738 457 341
184 -264 764 284 2041 1898 177 2104
338 -322 1432 1489 1181 293 1745 249 1137
366 -304 1676 217 389 1539 805 2016 696
128 -512 1545 581 1621 1887 1441
406 -340 1120 1627 1804 45 1727
448 -602 1847 2227 1511 348 1541
286 -540 1853 2169 46 1944 1061
322 -728 1344 36 2109 978 394 1279
238 -240 1053 480 607 312 1071 526
568 -640 2181 1451 1921 391
644 -104 425 1592 1776
312 -534 1540 1546 356 927 1382 1997
214 -556 1560 1735 615 120 900 1384
624 -540 1090 797 57 370
242 -246 2075 1053 901 1672 474 607 115
230 -92 1637 489 1696 647
184 -650 1689 174 1449 1050 453 2136 1139 1544 826 1858 1802 1189
246 -216 1153 445 179 1864 1643 278
364 -580 1968 1208 531 2137 1642 726 2098 1251
536 -692 486 1088 1447 1042 1567 1534
528 -688 1937 1088 485 1649 1534 1695 196
444 -200 183 28 1704 1831
346 -568 2073 858 2137 531 1124
234 -98 566 1819 954 647 567 1637 481 3
186 -170 937 2168 1453 799 810 62 1852 2286
344 -378 1256 2056 2009 1396 1437 847
296 -338 557 136 2262 10 243 947 1070
308 -312 148 1943 77 1293 589 2195 304
258 -720 1381 12 1826 559 835 332
540 -698 1042 2011 414 1447
332 -260 1000 1403 965 2281 1146 1879 693
318 -362 328 762 190 128
230 -478 1178 296 96 815 259 135 1169
284 -220 86 19 657 2147 405
404 -136 1143 2261 185 1474
268 -504 433 595 938 2149 260 1144
356 -208 1760 1580 1862 1850 1768 1462
334 -306 725 90 1489 209 61 1394
200 -226 766 112 382 143 151 1135 1448
270 -550 767 599 1247 1040 1463 2157 1148 1061 1926
364 -328 1538 1713 668 1401
264 -390 2204 859 38 941 200 2022 1841 2258
318 -218 1483 2102 1027 1954 873
248 -382 200 547 539 1588 1054 295 1983 1661
220 -320 331 390 1608 1857 1614
258 -432 628 818 884 309 552 1419 161 1670 551
406 -330 772 1159 1120 1581 1280 864 770
200 -82 942 1957 1140 780 549 2224 894
270 -406 781 1773 2167 102 603
290 -384 1281 1473 784 85 1835 2087
256 -242 211 403 1672 41
366 -788 358 1840 1638 1956 1993 1113
406 -186 988 413 777 2085 94 561
356 -594 92 1072 220 749
230 -226 637 1594 170 565 1073 1145 1102 1284
354 -670 1644 1232 169 2125 1292 1240
258 -324 596 1287 215 2179 1798 1186
310 -334 957 10 1478 423 409 2081 1385
316 -414 419 1479 1509 1408 1037 2238
384 -140 2033 1080 228 2182
234 -232 637 1073 1152 312 474 1071 1594
214 -366 1854 1435 2239 960 1794
200 -468 135 2042 363 1931 912 688 2274
172 -220 151 1135 796 418
312 -380 231 1391 1248 438 367
364 -570 2137 484 488 1251 1124 1781 1297 1658
318 -460 649 1087 2133 0 1294 1507 1425
344 -332 244 1392 293 195 1137
406 -572 2220 63 216 775 1502 1716 804 1043 1150 2012
256 -484 702 239 433 1795
208 -444 355 2241 1701 800 614
330 -290 1136 2196 1095 2054 1990 545
440 -192 967 2165 1704 844 246
252 -370 256 547 509 1588 807 2121 1616 639 1505 737
178 -192 658 1752 1939 1253 729
364 -282 31 611 665 1950 1375
196 -326 1975 2037 1564 1429 1353 1615 177 1971 1742 846 687 583 875
272 -56 1882 1454 329 247 684 1525 1117
362 -358 848 1224 1270 1720 1191 2015 2153
326 -292 2141 1095 537 2155 572 2203 2196
270 -540 1892 1099 600 767 1944 2157 121 1148
256 -376 200 1151 256 539 509 852 1505
18 -584 258 821 1756 899 1806
210 -80 2224 1551 1637 513 1957 2183
294 -488 1626 990 173 1032 1719
266 -426 552 266 977 818 511
258 -422 551 266 603 431 812 1839 1419 511
452 -516 1465 1822 1417 2066
424 -454 1763 1762 134 1162
296 -534 212 927 1853
396 -392 2217 667 33 68 1457
294 -344 492 136 1930 721 2262
226 -246 312 1152 677 1842 985 607
256 -726 1932 1826 835 1933 494 44
644 -722 2031 157 747
406 -176 1519 1030 988 142 2085 518
392 -278 2192 1715 229 1969
188 -628 708 594 826 1467 432 1501
398 -172 1289 79 142 1519
230 -216 1133 1724 1643 170 74 520 1284
236 -110 1819 489 567 1728 1250 617 1593
226 -102 566 489 1637 1364 1243 1728 1729
420 -196 967 2165 1736 413 988 789 1007
644 -578 310 1205 1612 399 140 1828 1518
316 -404 1479 1652 1213 398 1118
232 -670 227 453 1876 1040 29 865 2237
314 -294 1011 144 2203 150 2155 415 545
328 -378 231 2159 2273 230 1655 376 2099 1844
200 -458 1777 997 688 2274
210 -502 783 1296 456 1832
286 -232 1176 1217 922 2147 1299 657 1482
290 -760 165 763 1344 878
292 -312 1925 2028 1471 2271 80
524 -698 2143 627 717 1790 1534
412 -228 1708 2279 2194 1265 786 1817 1508 1792
126 -508 286 1621 1545 469
468 -474 791 2097 404 1079 2003
200 -314 1476 1184 687 542 875
354 -372 847 1796 1610 1754 422 1358
210 -358 833 1843 1945 2239 1343 1435 1223
312 -226 2102 368 919 1134 689 1365 1483
366 -346 840 1722 1016 2096
204 -284 1362 241 842 913 1617 1871
318 -306 2195 493 304 415 150 1480
232 -382 771 1983 1671 295 845 191 1022 1267 591
224 -378 2283 956 845 1671 590
252 -360 945 2068 171 639 737 2025 75
392 -520 1579 1411 891 1455 1440
168 -626 1303 939 708 563 996 1172 1103 1501 1807
270 -494 1795 433 896 501 1144
256 -330 640 118 1287 522 1328 751 2179
158 -698 1050 1799 1707 1974 180 2245 188 1848
268 -304 1849 71 1468 88 1635 412 1868
250 -552 1416 1247 2071 357 962 767 505
262 -526 388 306 1892 546 1944
378 -292 1641 611 1325 229 1194
246 -438 369 309 1886 1670
266 -416 552 266 431 514 102 781 1680 742
306 -452 1373 1198 70 1156 0 1678
452 -506 2003 1079 2060 1869 1465 2066
394 -156 1160 184 1998 1870
236 -244 985 558 312 474 480 115
316 -502 176 2024 2064 903 1512 323 1571 2091
70 -706 1163 1230 1543 860
212 -530 277 1330 1778 987
372 -290 31 1539 1641 601 541 1194 1375 389
74 -596 1973 2142 319 713 899 821
384 -264 1681 1161 1196 1631
210 -456 2274 135 1169 800 2002 1885 997 1701 536
196 -558 1164 1640 1735 314 120 1743 478
216 -536 987 1778 958 1036 1919
250 -120 372 417 1819 566 1920 1173 1593
382 -568 726 2098 377 428 929 1714 1781
432 -160 16 1891 2213 1222 832
596 -528 1912 797 57 210 1907 1038 1904 1967
346 -502 1872 1523 139 1597 755 407
186 -284 1971 924 20 177
344 -312 1266 670 209 1489 23 1181
380 -500 675 335 872 730
346 -358 2240 35 930 1601 240 1351
440 -136 879 429 257 201 691
530 -704 2011 157 53 1129 2143 579 1790
260 -434 818 511 884 1487
380 -536 2150 189 2038 2161 97
278 -488 1719 943 2229 1059
358 -368 1358 1720 1610 2153 2015 35
192 -156 1321 1809 1359 890 769
398 -404 163 1721 1503 33
396 -480 1762 732 1316 1622 99
228 -258 1362 1158 37 994
562 -512 1912 797 1138 893 790 224
232 -228 520 1594 1073 526
122 -734 1929 1687 1974
250 -362 592 171 1616 539 737
278 -344 243 136 2126 1287 43 794 596 118 261
146 -570 1979 2187 1347 1994 1041 754 314 1164 1 1441
276 -420 1966 776 856 977 266 78 781 742
328 -610 1517 711 1926 1371 1282 1548
208 -136 160 748 2255 1620
228 -114 1250 857 1728 1909 1801 1729 1335
280 -390 859 1682 1561 784 2175 1197 2258
240 -88 954 489 1607 350 1696 481
326 -128 352 1811 1723 1027 1028
320 -462 655 1087 1425 532
204 -516 277 1330 1459 783 951 1629
258 -258 1023 2173 1630 1074
304 -374 367 172 745 1332 320
276 -312 1999 703 1558 1868
346 -636 1241 1559 2129 313 1548
324 -468 649 1087 317 1425 1077 861 1977 1212 2093 724 1338
284 -252 360 690 961 447 1085 1167
288 -222 499 19 2147 576 922 2102 368
172 -190 1168 2191 1752 2040 1939 540
312 -350 2043 2188 757 2008 1836 175 2244
358 -466 1569 22 1838 662
626 -546 716 1090 370 1221 57 1916
350 -462 1838 660 1650 1210 1569 1339 1010
344 -302 696 31 23 2054 61 1394
182 -240 451 2200 1448 1888 1753 1984 1898
356 -276 31 273 541 1950 2112 744
240 -330 2113 1901 1024 823 1410 674
394 -388 1583 704 1457 2217 556
366 -326 225 2290 975 1538 1401 506
196 -260 2211 1535 2280 284 207
350 -318 1538 805 1266 623 933 1181
190 -100 935 1324 168 2053 2163
222 -132 1909 160 2255 1268 709 1335
344 -652 440 1232 1774 1240 2076
244 -336 439 751 773 1856 1024 666 1410
384 -496 765 335 1400 1272 872 891 1579 624
410 -368 778 797 940 877 1739 68 1106 1457 45 698 931 1162
220 -244 1842 1603 1048 558 1152
378 -272 460 2214 1161 2176 895 1969 2260 1959 1631
596 -616 1356 1598 1865 125 1961 437
340 -510 1128 1562 139 1597 1934 235
360 -488 959 2270 1830 130 1867 1565
580 -528 2103 1227 790 210 1912 1907 2265 1916 347
486 -484 402 1780 1869 2086
266 -72 329 421 543 1690 1117 2090 1383
420 -130 691 201 263 1183 1143 1302 255
270 -222 362 1299 1064 86 405 47
202 -316 583 542 846 300 1476
198 -462 1777 1931 574 528 2274
314 -228 1134 586 1365 1573
272 -268 1585 1468 360 656 1074 1878 447 454
432 -140 685 201 626 879 153 255 1320 2039
330 -358 54 1310 190 328 106 1601
336 -252 1498 965 496 1879 1146 465 738
376 -96 236 2092 1233 81 1254
200 -248 108 728 2211 287 1895 298 2108
354 -306 31 1539 663 468 1266 805 23
382 -404 1582 253 105 1952 303 1503 1797
406 -352 45 676 931 110 706 1029 1636
290 -406 1165 13 14 1958
234 -362 1706 1718 928 1758 807
574 -610 1598 113 1961 1456
250 -486 1532 1542 535 239 433 166 1662
266 -314 1287 71 1999 653 1635 1868
390 -380 2117 2070 1583 1276 667 2114 1112 42 2217
556 -678 2250 2256 337 1009
402 -354 1029 698 1804 976 2222 110
580 -626 391 1921 1413 125 437
182 -616 594 939 563 432 434
226 -134 1864 1643 974 1268 182 857 672 1335
304 -462 1107 1057 392 715 1507
330 -600 2236 1374 749 1926 1517 643
268 -130 1388 1387 26 1497 1918
82 -614 1172 21 1806 2142 899 612
356 -508 1516 998 139
308 -468 2133 986 76 392 710 1507
636 -562 1828 1779 1518 1090 788 661 1916
520 -696 48 1657 1790 579 1534 2233
252 -536 1499 1892 1099 926 1606 952 843 962 767
434 -284 283 1309 829 1346 2208
258 -58 410 1525 1117 1304
296 -350 557 1930 2262 1836 831 2078
362 -524 1125 1734 2084 1477 1349 1436
202 -306 1476 1184 2014 1093 875
342 -466 2093 1305 655 1650 1210 1338
328 -302 503 90 61 1095 2141 150 1480
380 -578 484 1208 2098 618 929 1851
166 -240 451 2231 2036 282 141
210 -246 108 1603 695 287 1048 936
190 -188 1111 1724 1717 937 1939 540 1253 2100
378 -504 624 872 891 1193 2278 765 50 335
14 -636 338 841 2107 1806 806 1786
390 -478 158 1278 1400 634 1762 1316 932
256 -398 38 2022 735 349 2249
370 -420 1952 253 1632 2225 2158 887 1131 1699 1339 104 839
248 -394 38 152 733 435 2249 2118
362 -416 288 2275 334 1082 104 839
260 -368 2025 592 462 1505 539 639
340 -248 693 465 1498 457
394 -368 2020 2222 940 1056 1191 2117 386 1368
80 -666 1806 21 1315 1230 1543 2107 2268 180
192 -90 1989 1140 2053 168 780 894
270 -418 642 781 603 266
410 -312 1960 406 1818 1075 237 2234 285
362 -272 2112 1192 665 1950 301 1318
302 -370 361 1332 172 1377 652
452 -574 1422 1067 1150 1624
644 -744 560 157 983
184 -122 167 107 1323 203 2128 160 644 1620
348 -602 711 1374 519 1072 220 2035 752 1517
644 -780 983 157 1840
250 -332 1328 596 439 2179 1024 674
352 -608 122 1433 2035 749 1517 1282
254 -222 2140 362 1153 179 47
122 -560 2187 874 1041 641
356 -498 139 1516 621 1872 50 1867 1565
330 -446 863 1977 1747 1089 1212 129
314 -352 1880 2244 659 2008 128
396 -162 1289 448 1160 1519 184 1604
218 -384 1337 956 845 191 24
320 -252 2281 1146 980 1395 1784 1475
194 -292 1971 924 1890 65 1093 875
318 -364 1530 376 1248 172 328 497 128
312 -778 1993 978 165 577 878
188 -254 466 284 1898 197 1895 207
378 -494 675 335 1400 385 2278 730 2202
200 -228 1984 1448 504 112 1051
262 -548 546 1099 718 962 599 505 2157
188 -110 1324 1801 935 107 218 2163
198 -154 632 1359 208 890 2286 1268 383
406 -332 512 864 1058 1120
238 -376 590 1983 340 1718 1671 1661
390 -324 225 387 849 1401 1407 1960 1159 512 1120 119
242 -346 162 1062 1856 346 439 674
302 -360 2008 831 1065 1066 2078 128
452 -564 1422 1067 216 534 1150
284 -428 1198 2263 219 1966 642 856 316 327 1025
406 -188 1380 413 518 94
458 -464 676 797 2097 791 793 2003 1688 1206 1162
244 -126 1920 1173 1250 182 1593
196 -86 741 1140 513 894
274 -414 2072 1773 514 603 642 78 742
328 -534 1923 223 356 858
206 -508 456 1927 1459 650 575 1296 951
286 -388 1561 85 646 2175 515 2087
292 -468 173 1057 1107 1556 1590
400 -230 1265 580 915 441 1508 1589 2034
504 -696 2287 1744 992 898 48
592 -580 716 1779 1612 446 1033 1916 1810
432 -182 1793 1014 967 568 988 1127
556 -514 682 1227 893 636 1495 1628 224 347
462 -470 2097 778 582 2003
642 -666 1420 399 2030 2139
454 -466 2003 778 1688 2004
280 -350 905 1930 1154 43 640 261
346 -524 2131 1824 1813 1436 1562 1086
172 -222 1083 1135 418 529
587 -321 1205 310 676 778 1090 479 1912 620 1142 1138 636 1780 2055 82 2097 57 1949 1739 1361 1619 834 1875 1881 920 2151
520 -676 2199 1130 2198 1695 1488 159
186 -162 810 1809 490 2286 890
216 -450 536 355 365 2002 614
88 -530 1725 874 2187 137 1126 49 1639
170 -154 1825 147 1439 1889 1809 810
240 -398 435 381 2118 109 1705
420 -594 436 1283 1716 534 1150 1200
360 -314 1676 2290 975 1538 670 1266 468 696
2 -606 2106 338 731 1806 1982
244 -368 1588 539 2121 1718 1758 700
350 -386 1396 1104 1754 1940
26 -554 991 1244 1319 1055 1669 2124 1995 2110
182 -164 62 147 1809 802 799 490
356 -200 1760 1580 252 1504 897 1269
254 -418 1839 268 431 552 198
522 -498 371 2055 1220 819
278 -366 1421 397 8 1154 325 444 73
234 -476 1178 1532 498 380 259
312 -624 1463 1313 1114 1371
356 -56 1584 907 825 275 1903 2130
266 -428 628 511 1487 977 551
518 -500 813 1220 452 1822 2055 1227
344 -576 2223 1374 2236 2073 2137
60 -588 319 1319 899 612 258 548
410 -292 1202 2023 2074 1199 353 406 902 285
234 -332 1366 1410 666 1901 1110 1185
352 -696 2189 2122 394 1279 169 1677 1292
352 -58 1418 275 1903 817
188 -630 1139 482 174 563 1467 1501 1807
262 -250 403 1331 1231 2173 41
500 -716 885 1840 157 67 2062 53 992 2287 393
428 -282 902 1309 2080 1466 1346 719
328 -344 1741 2244 1846 195 1537 458
298 -352 721 1836 2008 774 2078
432 -172 871 1030 1014 1891 1222 1127 619
206 -354 1429 2037 1945 585 1843 1666
440 -292 1875 797 1881 283 1076 2088
242 -722 1933 1692 2127 1288 559 494 332
416 -200 178 1736 1265 1964 1007 2165 2235
0 -142 1564 1244 1249 359 2191 290 1485 868 1825
244 -502 1081 1499 1985 427 1542 1662
364 -418 104 734 736 2158 2275
366 -348 2020 1722 587 1445 848 2096
8 -640 338 1354 1315 731 2107 1786
204 -286 588 913 1871 2058
246 -548 952 718 962 1252 357
442 -194 1704 183 1938 538 246
224 -380 191 590 591 956 759
204 -322 1742 542 300 687
350 -376 1437 491 1796 1396 1754 584
362 -350 1445 840 1270 544 1224 2059 244 2096 384
394 -302 772 387 1996 305 406 1960
226 -346 2251 311 1492 1366 1185 1700 1343
192 -204 1450 1097 2100 972
258 -378 1575 1151 547 462 1505
412 -436 1721 2123 262 2207 1763 1162
350 -232 1263 459 1314 250 2210
300 -640 1040 886 192 1808
276 -432 1424 1228 1487 642 776 316 977
228 -126 1250 645 182 709 1335
344 -566 2236 2073 488 1546 782 356 1124 2077 1923
270 -388 646 1682 1575 2204 507 2258
78 -712 609 1163 1543 1225 910
328 -478 1527 1523 914 1077 317 655
258 -270 1906 1585 1074 1630
324 -444 1977 756 1294 222 1829 129
412 -328 45 1739 1727 1075 1058 1280 512 770
228 -656 571 453 1876 2136 1689
330 -524 1522 1911 1645 2226 1923 1086
262 -96 1596 417 2145 1531 2146 420 2089
0 -96 1323 1264 1485 837
228 -368 1718 2212 1794 1854 1671 928
342 -390 2273 230 1396 1104 2009 288 1301
428 -164 832 1030 1222 1345 2213
380 -502 675 891 624 730
320 -222 1365 1398 1483 1954 508
116 -572 1725 801 2187 1245 289 1041 1055 754
192 -302 761 1971 583 1184 723 542 1093
386 -396 42 1367 2217 1797
406 -374 940 676 1069 1457
288 -764 577 763 1993 2051 1344
440 -138 626 429 153 691
446 -218 336 1295 1978 93 1988 1361
172 -732 1848 193 1667 463 2050
408 -600 1486 1013 1208 1511 1283 1001 2017
280 -680 963 2109 339 1049
260 -436 294 1487 628 511 309
434 -738 358 1840 828 25 2062 1444 67
292 -654 1040 966 1805 192 855
386 -432 734 2225 1131 1229
36 -548 1860 1239 2110 1055 1725
360 -114 2182 81 1731 971 1028 1723 1460 2177
192 -158 799 1809 632 2286 769
384 -508 675 872 1579 593 730 1193 1455
274 -456 1549 1424 1026 2061 1634 1673 354
554 -510 636 1138 1495 790
198 -88 2224 1551 168 1324 780 513 741
378 -284 1194 229 678 2176 1969 1375
274 -492 1795 595 2229 1144 943 1059
362 -196 79 126 1289 448 2264 1028 2178 1504 811 1269
506 -698 992 5 787 48 2233
58 -608 713 1806 612 821 548
218 -560 1560 357 478 1384
246 -250 2257 1317 41 1672 480 115
420 -286 2080 1674 1309 1199 1202 822 829
316 -494 608 176 146 1785 1863 2091
244 -60 1304 410 2190 1686 2010 1600
282 -352 1930 794 1154 2001 1065 2078
384 -220 1563 2034 2132 1513 915
362 -52 2130 425 1257 1775 1702 1094 2069 1584 817
228 -646 1876 1040 1689 1430 174
370 -550 377 1714 1261 1141 1570 1647 133 449
92 -722 2228 1821 1732 1225 860 1543 2268 1974
390 -150 1998 1080 2033 238 1870
198 -474 123 9 363 2042 528
214 -302 2014 32 588 842 331 1617 1209 2058
326 -480 1527 2083 861 317
388 -226 326 441 786 1513 2034 906
266 -120 1388 2094 1596 372 1965
170 -232 1448 451 1083 2144 282 141
278 -94 1834 1350 1438 1300 2094 1596 2145 2047 1748
304 -232 1342 1656 922 1217 1134 586 368
430 -308 1739 797 1875 2074 1970
310 -126 1659 1494 1803 1215 145
296 -228 576 1217 657 368 919
214 -338 1615 1353 2006 1576 1018 1614
188 -286 622 1971 20 1613 1890 761
518 -686 1423 1657 2199 1649 2198 196
234 -518 1015 1606 1081 1899 1499 718 1972
302 -536 1382 212 1853 1540 477 555
228 -358 373 1758 1223 1854 1706 2212 700 869
388 -576 1502 428 1043 618 726 1851
346 -350 2059 379 384 2160 1601 625 1351
406 -364 698 676 940 386 1636
392 -466 158 732 1762 1751 1100 2207 934
350 -320 1352 293 1538 670 1181
376 -458 2162 1586 1100 932 158
190 -102 671 1324 2163 768
216 -240 1152 1048 1102 287 728
188 -178 490 2168 729 1717 1939 204 1578 1491 1453
266 -506 1985 40 433 1662 501 2149
170 -618 1303 594 708 434
402 -366 877 676 1069 739 1056 386 931 1368
254 -388 1054 152 200 38 507
220 -66 513 1957 1195 1140 307 989 1238 1595 1472
284 -496 400 990 1144 896 1369 1719 630 1059
406 -256 1770 2194 999 1924
250 -354 1461 342 2068 592 346 171 2174
236 -684 963 2237 1434 364
296 -326 243 234 2026 1306 1070 492
300 -476 173 1057 1626 2171 76 392
376 -206 2178 2264 2186 1379
480 -672 64 1587 2045 1008 1130 2287
212 -512 650 1330 149 783 1296 1098 1899
244 -544 1252 1443 2105 1606 718 843
434 -296 2074 1875 1309 1076 2088
246 -96 647 489 1607 3 420 2089
446 -270 2151 1881 324 1312 1733
222 -376 2283 1794 591 845 1337 759
300 -332 523 10 1478 1293 1306 1070
226 -532 1443 1015 149 1330 987 616 1036
364 -496 2270 681 2278 50 1565
212 -368 2239 527 1273 58 1794
292 -248 656 360 2282 1005 1174 95 1085 299
248 -550 357 599 843 718 767
274 -688 2109 1046 2237 946 29 883 339 364
284 -244 1331 1299 1482 1167 1085
344 -258 254 2112 1403 496 1498 693 2285
286 -662 1040 886 29 1805 1049 1262
434 -188 1793 1938 568 2165 538 789 246
236 -432 59 1271 1886 1360 1017 251 1670
530 -650 461 2243 1574 1008 1211 1393 430
0 -570 2120 1500 2106 1660 991
344 -114 889 1731 1460 2259
194 -206 2100 1133 851 1097 1402
258 -456 2277 1226 1894 464 2052 1625 2061
198 -176 1643 1111 204 1578 2286 709 1218 1268
366 -318 668 2290 805 1538
398 -350 2020 2222 1804 1627 119 706
270 -430 551 818 1487 856 642 266
340 -754 1993 763 473 36 394 165 1113 343 1766
376 -448 1586 1100 2253 1339 2162
322 -248 1146 1395 760
254 -342 1105 342 439 1328
586 -586 2103 2065 1033 1916 1810
644 -756 157 747 750
356 -618 1433 122 1772 1290 1171
230 -250 994 37 270 607 558 115 1842
314 -472 2171 2083 317 2133 715 76
214 -534 616 1778 610 1330 958
410 -180 518 413 568 789 1127 1030 561
228 -60 1084 1195 942 1686 1595 1472
292 -490 1626 2024 400 943 550 1719
0 -568 809 1244 1500 970 1669 1995
502 -708 787 2287 828 898 5 1648 393
338 -48 1195 2130 2116 1068 2134 2230 1418
234 -256 37 635 1158 2257 270 985
314 -328 2081 1478 148 1943 1837 249
110 -598 594 1172 1303 2272 1973 302 1245
202 -452 1701 1777 574 2274 614
356 -510 139 1562 1516 714 401 2084 2193
404 -258 1770 944 1924 2192 1859 1196
328 -268 496 1403 2281 1190 1496 1188 297
406 -596 882 1283 1716 2017
294 -126 1300 1834 1659 1298 1497
280 -228 2147 1299 405
400 -144 1123 2261 1604 450 2032 1474
310 -250 2282 961 1174 1524 1397 1475 1698
372 -82 1775 1285 2092 1233 1119
418 -198 568 2165 836 1736
522 -664 2045 950 1130 1574 969 1211 2152 159
552 -686 416 414 337 705 2256
346 -438 1528 1426 1747 1212 1210 1653 1339 662
312 -296 1566 1155 144 572 415
230 -492 2101 427 1098 1750 296 375 1788
404 -644 1180 1847 1827 1486 882 1511
434 -178 832 1891 1793 789 1127
230 -528 1443 958 926 1606 2105 149 1972
364 -342 2218 1713 244 587 1722 2096
236 -422 1052 268 161 1493 2248 1360 968 251
220 -334 1576 923 1614 1857 1185
374 -392 2275 1311 156 1582 42 105
288 -60 329 154 1791 1370 247 155
258 -446 1625 2052 1442 294 1026
238 -388 295 590 152 109 1267 1705
256 -256 1317 1158 1630 651 2173 41
246 -328 2113 666 2179 751 674
292 -444 70 1198 1234 1235 327 776
262 -452 1424 892 294 1625 2061 1021
338 -182 2102 455 1811 648 1028 2180 252 1108 1954 508
366 -164 648 1723 1027 2180 2182 1080 889 1998 448 897 1504
404 -356 1636 2222 706 698
410 -170 832 871 1345 988 1127 1519 561 1604
166 -484 1922 1765 276 1552 1121 1427
284 -476 1147 2063 550 173 1719 1556
592 -592 788 446 1334 2065 982 1810
326 -64 1711 1068 2230 1913 154 1418 1815 1406 2219
216 -570 1157 357 120 1743 2071 1286 1384
228 -544 1443 958 616 1252 357 1560 1236 1919
300 -420 1408 524 2263 2238 2119 13 1165
608 -536 57 620 1221 1904 138 1651
312 -394 15 1391 1213 1341 221
256 -642 1876 571 908 1430 29 1591 966 886 1247 1963 855 505 1808 1463
122 -562 289 874 1347 641 754
536 -696 2143 2011 495 1447 485 1534
398 -582 1502 534 929 2012 1851
258 -50 84 1195 1454 1525 2185 2082 1600
574 -664 395 2256 199 1623 2221 2250
270 -698 2109 963 1602 364
586 -638 2181 213 66 1921 1413
218 -242 1603 728 677 1152 936
282 -672 966 29 339 883 2109 1577 1262
178 -700 193 2127 1449 482 453 227 1386 188 1799 1707 2044 597
200 -230 1984 287 766 1102 112
236 -412 1017 268 292 1935 1761 1493 1980 381 1458
244 -236 2140 445 1071 2075 480 474
248 -386 941 152 200 509 295
60 -564 1725 874 1245 319 1319 809 2110 888
396 -370 940 739 1368
298 -472 173 948 785 1107 710 392
406 -334 1727 864 1120 770
276 -490 2229 896 630 943
188 -606 1547 434 432 1515 315
288 -544 1148 505 1944 1546 1540 1926 1853 46 472
234 -344 162 311 1856 1492 773
274 -380 1575 1682 1928 351 226
268 -220 408 86 686 47
294 -358 1066 6 774 905 2001 2078 8
302 -362 6 1377 1065 774 128
452 -566 1422 775 746 1150
322 -48 993 2116 1711 1034 2230
400 -376 940 877 1457 1368 2114
298 -328 1306 947 957 10 492
238 -234 1053 445 1594 474 526
356 -598 92 519 2035 749
230 -230 1102 1152 637 520 526
262 -262 1585 690 862 1630 454 2173 651 1231
416 -320 864 1739 743 1818 237 1280
436 -298 1875 834 953 2088
336 -476 1523 861 1872 98 655 2093
278 -126 1300 1387 2094 1388
470 -476 1869 404 582 2003 605
384 -144 1998 911 2033 2182 1028 525
240 -508 926 1899 1499 1091 427 838
360 -424 736 334 1389 104
172 -224 418 2144 1448 1135 917 796
234 -56 989 1195 2185 1686
286 -246 656 961 95 1482 964 1167
338 -522 866 1645 1813 795 1923 2131 1562 1128 52
318 -464 2133 317 655 649 532
536 -686 1937 486 1936 2242 485 1567
330 -438 1740 1509 1747 756 129
638 -554 1205 797 479 1518 716 661 370
236 -510 427 1390 1081 1899
312 -240 1698 1573 1397 1524 1395
204 -298 1209 2014 65 723 761 875
412 -98 2057 1257 1702 907
330 -294 725 61 2054 2141 537 545
348 -342 244 1392 60 2059
188 -210 1216 143 1402 851 1450 972
226 -502 427 1390 375 1296 1899 951 1012
258 -534 1892 718 546 767
378 -450 979 1586 1751 2253 932 934
278 -512 2019 260 1144 1905 274 1955 1506
218 -232 1152 1073 1145 112 520 936 287 1051
168 -640 1139 1404 594 1172 1544 1807
350 -388 1396 870 1311 1940 2275 808 1301
256 -344 981 342 1461 1405 118 1328
402 -398 68 676 33 1721 1162
302 -460 785 1057 710 1590 70 1156 1507
340 -194 252 1027 1900 1954
398 -284 39 1715 1202 2023
230 -328 823 1901 390 1857 1185
196 -186 1643 1724 729 1717 1218 974
376 -382 1668 2070 156 704 42
354 -772 1993 978 1956 517 1766
312 -626 1726 1313 816 1371
592 -680 2031 83 157 2030 199 2166
244 -82 2148 1607 350 1291 2190 194
264 -60 684 543 1525 2090 1304 1609 720
314 -406 398 1599 570 1479
370 -78 1233 1815 1006 1775 1917
404 -336 512 772 119 1627 470 1727 1058 770
176 -478 1922 1031 2267 1427
296 -394 1326 2175 2087 1428 1553 221
410 -150 1345 2261 1604 1004
360 -558 531 488 2077 858 1647 449 1297
364 -528 1431 1734 1349 722
94 -524 2187 801 1979 49 101 1664
432 -174 988 1030 832 789 1014
338 -512 235 52 1086 1562 680
518 -708 53 627 1691 1790
520 -668 950 1008 2287 2199 798 159
382 -438 1229 1751 887 734 1339 2253
174 -180 1491 2168 2040 2191 411
198 -208 565 1724 1402 382 2100 170 972 1145
312 -230 1342 1573 919 586 689
176 -226 1083 1448 796 151 529 504
330 -284 1568 1990 2196 537
340 -328 533 293 467 195 249 1837
548 -506 1142 797 636 1628 893 1495
178 -644 1544 1404 482 826 1103 1807
0 0 1989 741 942 1195 513 780
372 -546 1570 909 1261 97
540 -502 1138 797 1949 1628
414 -134 1183 685 500 2261 185 255
278 -502 501 595 260 896 943 1101 1369 2184 1506
218 -222 112 382 1133 170 1102 520
326 -250 2281 496 1879 693 465 760 980 1395 341
282 -472 1634 272 2063 1032 1800 1556
272 -544 2157 505 1061 1944 121 546
62 -734 1746 1951 2018 1230 1163 442 2228 1732 1225
446 -580 804 534 746 1067 775 1200 348 1624 322 4
258 -380 547 200 1575 852
224 -238 312 558 677 1048 1102 1073 526 936
252 -220 483 445 2140 753 179
278 -358 905 2001 794 261 814 8 2067 73
302 -306 2271 80 1471 77 144 2195 1566 1011
306 -456 70 1107 604 0 1507
218 -572 2071 357 1035
246 -262 1849 1906 1023 1317 1362 635 994 2257 1630
400 -320 1960 772 512 1581
394 -160 1998 448 758 184 606
380 -262 1329 2214 1681 678 613 1631
424 -448 1763 554 134 1206 853 1721 778 1106 676
70 -710 1230 1149 609 860 1225
184 -552 265 1640 615 314 641 1
292 -414 219 2263 1966 14 13 699 1037
358 -588 92 1208 1968 220 2223 2137
278 -250 447 656 1331 964 1085
168 -198 2191 359 658 1752 1355 1605
218 -464 1885 259 498 135 614
448 -252 1619 1708 2151 87
350 -620 1282 122 984 1290 1548
96 -624 713 21 2142 2272 1544 594 996 1103
250 -124 1920 779 617 1593
296 -240 95 961 1005 1482 1176 1656 1342 1698
376 -120 1254 1177 81 2182 2266
288 -236 576 1217 1482 1174 1656
396 -98 1702 2057 1285 1254 1175 1783 185 2266
232 -484 498 296 1788 1532 815
538 -676 337 1981 1936 1937 1488 159
402 -666 1260 1274 2189 1847 1013 1827 187
344 -316 623 670 933 1489 467 293
216 -396 1337 58 1701 2241 1976 1307 1992 1536 1705 1267 24
418 -122 1948 2057 263 1143 685 1302 185
200 -308 583 1476 723 875
224 -336 1857 1018 850 1366 1700 823 1576 1110
252 -318 215 2113 1798 522
196 -274 20 1694 2041 1613 1535 2280
330 -274 1568 1496 1665 1000 1403 1855
166 -660 1802 1874 21 1858 482
322 -270 1000 1496 1878 360 297
380 -360 739 2020 2117 1720 206 1445 1270 544
364 -266 1363 34 460 2284 2112 744 301
376 -506 366 50 730 891 1455 2193
378 -286 229 601 895 611 1375
265 0 2130 1820 993 1219 2116 1044 84 942 1140 989 1084 2185
390 -260 999 2192 1859 1681 1376 1969 613 1959 1631 1730
280 -394 646 2175 1510 269 2258
298 -442 776 2263 1408 1373 1025 70 604
420 -288 2074 822 1309 902
430 -598 348 1511 1150 436 804
372 -248 443 1329 1446 2115 326 114 441
404 -280 2023 822 2192 1715 1674 902 1109
220 -608 1963 1247 1515 315
244 -736 1933 1692 1932 2051 1618 44
640 -556 310 797 569 1518 1090
438 -458 1688 778 1520 134 1162
330 -516 69 1522 1512 323 1571 235 52
380 -602 1486 882 92 1433 1772 484 1968 1166 726 2017 30 1851
206 -300 2014 913 1093 65 2058
346 -460 1010 1212 724 1650 1338 662
534 -660 969 1008 2152 1336 1393
338 -456 1747 756 1977 1010 1210 655 1338
318 -398 1697 1652 570 15 398 1341 1039
344 -270 254 1403 1855 1529
310 -128 455 1811 1803 921 145
182 -208 143 1097 151 2269 1752 1877 1450
296 -230 576 1176 922 1656 919
194 -182 1111 1717 204 974
302 -44 2116 1195 84 1370 1791 1703 2209
524 -502 1628 1949 1227 371 813 819
610 -542 661 57 1038 1916 138 1651
430 -166 832 871 2213 619
220 -356 928 1854 373 1435 1343 585 2251
354 -356 544 848 2015 35 384 1351
76 -720 1163 860 1149 1732 910
266 -472 1663 1986 1634 2277 973 2061
526 -548 2103 682 1628 1220 790 1340 1822 819
278 -446 1424 1549 856 327 316 1235
388 -434 1131 1751 887 2225 117 262 2207
58 -708 2018 1149 1354 1163 1315 609 1543 740
268 -252 827 2173 1074 454 1331
344 -656 1644 440 521 1240 673
360 -106 81 694 2092 1006 1812 1815 1119 1731 1861
290 -456 70 1025 1235 1800 1590
282 -452 1800 1234 1025 1549 1228 327 354
214 -546 89 1735 1560 1036 1919
330 -120 352 1494 1723 1348 1812 1409 2215
220 -68 307 942 1595 72 2183
40 -546 1414 1725 1860 281 1769 280 888
340 -658 192 2125 521 1232 673 2076
352 -632 1772 1559 654 1290 1548
506 -690 2287 1744 1423 48
220 -104 1364 1801 567 1729
0 -530 1564 837 1975 1987 991 809 281 1633 1816 2124
114 -580 289 874 1055 302 1973 996 319
66 -540 137 1737 1414 181 1554
220 -598 1416 599 1963 1040 1203 315 505 1675
314 -376 231 2159 1530 762 172 530 1844 367
162 -248 837 1564 359 2144 2036 2231 1685
234 -124 645 857 1728 566 182 779 1593
366 -572 2098 484 531 1781
244 -546 952 1443 1036 357 843
186 -196 1877 1752 540 729 2100
380 -98 236 694 1175 1177 81 1783
216 -484 296 321 96 2007 1378
340 -370 491 2056 1755 1437 240
416 -100 907 425 308 2046 2057 1094
112 -512 1887 1621 1975 11
252 -406 431 103 2249 198 1761 1458
408 -690 18 2189 1180 1274 248
374 -548 377 909 2038 1141 97
286 -664 1049 966 1577 1805
356 -234 1277 2115 459 854 205 2210
0 -78 868 1323 218 2053 1989
414 -212 786 580 836 1964 1792 2034 2235
354 -310 805 670 623 696 23
226 -390 191 590 1022 1705 1182 24
206 -146 2286 974 709 769 383 672 2255
360 -204 2178 897 811 1760 1462
364 -354 1445 1191 848 544
236 -434 2154 1526 59 968 1886 2201
390 -492 1579 424 1400 1622 675 99
208 -372 58 1945 2239 960
434 -684 1180 1260 248 1847 2247 1399
286 -520 274 2024 388 212 396
394 -382 704 1583 2114
360 -240 378 1446 1533 114 2115 1263 205
372 -480 732 158 1400 1893 27 2252 1712
328 -702 2109 1677 473 394 824
410 -326 512 864 1581 1075 1818
294 -380 1332 271 320 1473 1835 515
348 -616 122 752 1517 643 1548 1171
414 -598 1511 436 882 1001 1716 804
234 -222 74 565 1594 520
394 -94 1702 1775 1177 2092 236 1006 1783
216 -582 2232 1416 2071 1743 1035
262 -320 640 2126 703 71 596 522 1999 215
240 -710 835 2127 131 332
392 -170 897 79 448 564 1519 758
352 -622 1772 984 1241 1548 1171
234 -78 350 1116 1696 2190 2183 72 2010
370 -676 824 2189 169 187 1644 521
304 -322 957 1478 148 77 493 1306
322 -456 1977 1425 863 222 0 532
444 -216 336 28 880 1978 2279 1831 1792
212 -504 1098 375 575 783 951 1832
366 -562 449 1124 531 1714 1658
294 -128 145 455 1659 1002 1497
280 -230 362 1331 576 2147 686 964 405 1482 1003
286 -124 1834 918 2094 1078 1387 1002 1497
344 -394 2275 1104 288 870
420 -124 1183 685 263
128 -590 594 939 289 302 1347 996 434
258 -62 410 904 2190 1609 1117 720
342 -470 1872 98 1838 22 1867 2093 724 1650
300 -324 1293 957 2026 947 77 1070
224 -414 1976 2201 59 242 1935 292 1992 1182
272 -82 1748 1438 1690 421 2145 329
430 -290 2074 1199 902 953 829 2088 283 719
330 -352 54 692 1741 1601 2160 458
362 -384 1940 1104 422 2275 1019 156 1668
442 -264 324 955 1823 1733
306 -632 1808 1726 1463 816 1114
348 -220 854 250 1862 459 2164
16 -650 1354 841 1230 740 2107
390 -482 1400 1622 732 634
252 -252 1023 1158 2257 901 41
366 -274 744 1950 301 460 2176
60 -576 1055 809 319 821 258 1995
430 -146 255 16 691 2039
176 -150 1889 1809 1359 291 1749 632
178 -568 1764 1994 314 1514 1743
180 -120 868 1264 218 1485 167 203 748
200 -98 1551 1801 671 935 168 768 894
380 -294 1641 387 601 229 1996
290 -400 1122 2175 2 1428 1553 1958
388 -414 1632 1952 1759 163 303
254 -334 596 751 439 981 1105 118
374 -250 443 2214 1201 1376 441 1161 1681
214 -526 650 277 610 149 958 951 987
274 -248 362 1299 964 403 827 447 1167 454 211 1231
298 -376 361 271 745 1281 320 652
210 -492 330 321 1927 456 1521
592 -594 1033 446 2065 2021 1598 1356
226 -128 645 857 1909 709 672
536 -662 2152 1981 1211 1393
214 -382 759 956 1182 58 24 1794
340 -458 655 1212 724 1210
360 -436 1699 734 1131 1653 1010 979 2253 662 1569 2162
500 -596 2045 1587 1991 2103 1227 1822 2205 264 1484 1624
312 -396 398 1213 1039 221
306 -236 1134 1573 1656 1174 1698 919
218 -352 1700 1843 585 1223 2251 850
286 -752 473 36 2109 12 1826 1932 2051 577 165 878 343
418 -154 871 1030 2213 1604 16 1123 2261 255
434 -278 2208 324 1466 829 719
136 -584 1994 641 289 1303 1041 434
306 -92 1350 1834 1659 1494 1913 1812 1237
370 -522 1455 2150 2161 1431 1125 1477 722 186
298 -88 1834 918 1438 154 329 1348 1913
348 -354 930 384 625 35 1224
352 -324 1538 1713 244 293 933
204 -346 1429 542 1615 1666 1843 923 2006
0 -696 338 841 2018 1230 1315 2095
170 -204 1168 1752 2269 1605
598 -614 679 1598 1865 446 1334
344 -240 2210 1398 341 205 457
362 -374 206 1720 1668 422 631 1610 584
194 -152 1321 291 632 383 208 769
246 -428 1017 968 161 1670
454 -228 1988 1619 310 797 183 28 336 880
224 -260 1158 635 1849 344 245 37 1535 241 588 1617
366 -264 34 1192 2214 460
218 -100 1637 1551 1801 1243 567
318 -224 1398 1573 689 586 1483 873
230 -340 823 1410 1492 850 1185
384 -398 876 42 1797 105
396 -372 739 1056 2117 2114 1069 940
286 -500 400 943 1144 2184 2289
288 -52 1219 84 1791 1882 1020 247
324 -612 816 1463 1114 1726 313 1926 1548 643
150 -496 2029 132 1490 2172 276 1908
310 -448 1408 1198 222 604 1678
336 -586 2223 820 2236 711 220 749
372 -280 2176 1950 895 541 611 1194
384 -254 1329 441 1589 1730 1681 1196
302 -364 6 361 1066 745 172 128
214 -480 1255 96 2007 2042 135
378 -210 1684 1563 1767 2186 949 2264
406 -192 1736 413 178 777 94
260 -712 1602 12 494 332
312 -530 69 1911 1997 2024 212 927 477
260 -74 2090 684 1690 2197 1683
216 -562 900 357 1035 120 478
310 -340 523 423 10 2043 175 2262
234 -696 1050 2127 2044 131 2138 364
278 -128 1300 1078 1497 1388 712
270 -124 1078 2094 1387 916 1965 26 712
360 -426 1699 334 1082 104
232 -506 427 1098 1899 1091
312 -386 438 1910 231 530 15 1039 221
344 -338 1096 244 533 60 195 2160
540 -658 1336 1981 1211 969 430
340 -304 663 61 23 209 503
320 -246 1398 1573 980 1146 760 341 1524 1475 1092
346 -384 870 1104 808 1754 2009 491 847
312 -242 1524 1005 1698 1092
332 -220 1573 1395 1365 873 1954 250 2246 341 1357 2210
436 -686 2247 2062 248 1274
382 -486 732 1278 1272 1622 675 765 1316 1712 2202
370 -332 772 1407 2218 1713 668 225 506 1710
188 -212 382 1133 143 1097 972
334 -266 1214 254 965 1855 496 1000 1188
168 -642 1544 1139 1103
264 -350 1461 2068 1105 118 261 2067
324 -72 1034 1815 1913
374 -338 2218 1722 772 1401 1710 119
306 -432 1198 2263 1509 524 1037 1829 222 1373
334 -122 1237 1723 2215 1460
238 -334 823 1366 666 1492 1856 674
418 -530 2220 2027 63 189 1417 1579 593 2060 1440 2066
358 -250 378 1709 2216 1845 2170 2284 1533
582 -632 125 707 1921 66 1047
60 -556 1246 181 137 1725 1239 280
72 -530 137 1737 232 1987 1639
218 -584 1247 599 2071 1286 2232 233 1675
452 -522 1411 2027 1822 553 2066
340 -52 2134 993 275 2230 1034 1815 1903 825
250 -424 1839 268 161 552 511
604 -656 399 7 792 2030 1623 213
274 -372 814 397 226 1928 462 444
454 -568 2220 1822 775 1067 216 746 1624
508 -688 2199 2287 925 1657 1242 48
272 -448 1549 1228 892 1026 856 1487 294
324 -458 1977 1294 649 655 532
344 -436 419 1740 1747 1528 1010
176 -480 1552 1031 1121 2267
296 -396 1326 1122 1553
202 -352 542 2037 1353 833 1666
224 -636 908 1040 174 1591
364 -530 1734 2000 1693 97 2161 1349 1125
332 -318 90 1489 1943 467 1745
362 -606 92 1208 122 984 752 1772 2035
234 -686 2044 227 2237 946 364
214 -362 1854 527 2239 585 1223
354 -522 401 1562 795 1824 1734 2084 722
342 -368 1256 491 240 847 1796 2240
274 -84 1350 918 329 1748 1308
174 -146 1825 802 1485 291 1889 1749
390 -524 2150 189 1411 593 1455
136 -528 1545 267 1 2029 469 1979 641 2172 1887
256 -444 294 309 369 2052 1021
234 -542 1015 958 2105 1252 952 1036
404 -724 2189 2122 18 25 2062 885 248
366 -352 1270 1191 2020 840 848
364 -242 1201 443 378 1277 114
542 -694 495 1042 416 414 485 1567
176 -228 451 664 1083 1135 917 1984 766 504
166 -672 1050 482 1874 188 1802
188 -202 851 1097 1216 1877 2100
566 -642 2181 2221 2243 475 461 2205 391
398 -420 163 1759 2123 1721 1757
192 -172 937 1578 490 2286
272 -52 84 1044 1882 543 1525
376 -518 1193 891 593 1440 2150 1349 2193 186
570 -612 113 701 2288 1961 391 1484 2111
402 -390 877 676 68 1069 1583 667 2114 556
246 -408 1052 381 1761 435 1259 2249
186 -506 783 1927 650 132 2135 1629 276 1552
342 -116 889 1723 971 2215 1812 2259 1409
262 -352 945 342 2068 1405 1105
362 -210 1768 502 1760 2178 2186 1646 1269
312 -618 505 1040 1808 1313 816 1371 1926
402 -246 1589 127 2194 1770 1730
452 -512 1869 1822 553 605 2066
432 -274 324 1884 1346 829 2080
220 -620 174 1591 563 826 1963 432 1515
276 -292 1585 690 1849 598 88 80 1878 144
644 -44 1776 425 318
362 -66 1903 1815 1917 2069 1584
298 -310 2026 77 578 2271 1155 1925
226 -62 989 942 1595
296 -386 320 1910 1281 515 2087
402 -138 185 2079 450 500 2261 1004
314 -254 1524 1005 1784 760 2282 1395
206 -312 300 32 2014 583 1184 723 687
364 -520 2084 722 1349 186
312 -330 957 523 2081 995 148 1293
318 -410 570 1652 419 524 288 1118 1599 2238
324 -304 589 150 304 90 725
502 -490 1654 1780 2156 2086
288 -238 1174 1176 95 964 1299 576 1085
316 -220 2102 586 1365 873 508
540 -602 2205 1340 264 391 1456 2111
174 -136 868 837 1323 1825 291 203 1439
392 -624 1827 1013 882 1208 1772
264 -438 1424 856 294 884 818 628 977
530 -674 1937 1179 159 1695 798
336 -314 90 1432 623 209 467 1181 503
148 -492 1679 1765 2172 1372 1908
176 -182 1939 2040 937 2168 1132
232 -342 1366 1410 1856 1062 311 850
230 -418 242 1935 1052 1017 2248
318 -122 1348 1659 921 1803 352 1237
550 -508 1628 1138 893 790
322 -272 2005 17 1878 1568 1000 1190 1188
288 -130 1298 455 1300 1387 2102 19 1002 712 1918
342 -250 693 965 2285 1789 738 457
258 -516 1892 306 1081 926 40 718 1985 838
16 -574 2120 970 991 258 1995
170 -632 594 563 826 1807
404 -570 63 534 428 929 1043
390 -406 163 633 303 33 697 1797
358 -194 252 2180 1028 897 811
258 -372 737 539 256 462 852 547
284 -510 2289 2184 1955 1101 1144
308 -458 532 2133 0 1156 715 710 1107
402 -236 786 580 1817 1589
328 -436 419 524 1408 1740 1089 1829 129
280 -396 1197 2175 269 2
430 -600 436 1283 1847 1013 882 471 348 1200
318 -508 608 2064 323 69 1207
384 -224 326 915 2132 906
180 -574 1322 1743 1764 214
220 -610 432 1467 1060 1963 1203 315
360 -504 366 50 714 998 139 755 2193
346 -606 749 752 711 1282 643
640 -558 569 1205 1828 1090 716
400 -168 561 1030 1604 142 1289 564 758
438 -460 1688 1206 2004 134
216 -496 1333 321 456 1750 1832
330 -518 69 1207 1911 866 1645 52
334 -488 1527 861 1077 1872 621 146 1785 407
314 -244 1397 1005 1475 1092 1395
262 -54 1454 1044 543 1117 2082 410 720
240 -444 1271 2154 1611 1886 1894 369 1885
326 -484 914 2083 1523 861 146
350 -432 419 1426 334 1010 1653
344 -272 1855 273 1214 254
322 -370 376 762 1248 1844
262 -90 2145 1690 867 2146 1833
240 -480 702 1542 166 1178 1788 815 380 55
356 -246 1845 2170 1277 378 205 457 1412
526 -694 2143 579 1649 486 1042 485 717 1657
200 -264 1362 241 245 2211 669 1613 1187 2280
226 -402 381 1705 1182 1992 1980
326 -340 1837 409 195 1846 830
354 -322 805 670 975 668 506 1713 1352 933
366 -296 611 31 468 389 696
302 -540 1546 1061 1853 927 477
456 -598 2227 1587 471 348 322
246 -496 702 1532 2101 427 1788 838 1662
80 -692 609 1230 860 740 2268 910
166 -652 1172 21 1139 1404 482 1103 1858
132 -510 286 581 1897 267 469 1441
306 -546 2236 858 1540 1061 356 1926 477
190 -600 1915 214 434 1060 1555 315
348 -628 1371 313 654 1241 1290 643 1282 1171
274 -450 1424 1228 892 1235 354
314 -486 2171 2083 1863
208 -96 1637 1364 1324 1801 549 2224 894
178 -482 1459 1927 9 276 1031 123 2267 1427
298 -398 1738 2119 1428 1122 1326 221 1958
62 -536 1246 181 232 1737
216 -594 1547 1915 233 315 1675
288 -470 785 173 1147 1032 1800 1590
188 -532 265 1640 1778 277 2135 2029 1 1873
282 -310 80 2028 2126 412 1868 653 1999
352 -634 1772 1866 1241 654 2129
218 -554 1236 1735 1036 357 478 900
280 -386 646 1682 351 85 784
348 -520 139 998 401 1436 795 1086 1128 680
384 -214 2034 1767 906 2132 1684 1379
162 -250 837 1244 1975 542 1249 177 1685
360 -494 959 681 1867 755 50
308 -304 2195 1155 1011 415
540 -690 2242 416 1088 485 1447
328 -282 17 1496 1665 1990 1188 1136 2196 2203
364 -464 660 22 158 2162 2252 662 1339
370 -544 1141 909 97 1693 1647
322 -504 323 608 1207 235 407 2091
432 -110 2048 425 308 56 1883
314 -234 1134 1342 1398 1395 1698 1365 1092 689
526 -648 2045 1008 969 461
264 -382 859 1682 200 1151 1063 1928 852 2204 462
216 -342 2006 923 1700 1843 1018 1185
286 -666 1805 2109 1049 1262
194 -174 937 204 1453 2286 974
398 -498 1272 424 675 891 593 1411 2060
352 -202 1760 811 502 252 1900 1862 164
406 -322 512 1159 1960 1818 1280
374 -406 1019 2275 105 374 253 697
394 -384 704 1276 667 1457 2114
360 -62 1903 1470 2069 907 817
264 -274 1468 690 1074 1906 1849 862
376 -452 979 1100 2162 934
470 -608 64 950 2045 1340 1847 2227 1541 1624 322
242 -372 509 539 807 1718 340 1661
394 -240 1817 127 1376 441 1730 1508 786 1464
292 -458 1556 785 1107 70 1234 1800
222 -622 1430 1040 174 1467 1963
644 -122 476 425 429 310
248 -122 617 566 1250 779 1173
234 -224 1071 445 74 520 637 526 1284
228 -64 1238 942 72 1686 989 1472
268 -100 2094 918 2145 867 417 372 916
344 -504 139 621 407 235 1934 680
584 -602 113 701 2021 1334 679 1356 1961
312 -408 1738 2119 398 1118 1479 2238
246 -54 410 904 2082 2185 1044 1686
336 -356 692 1310 106 240 2160 930 625
266 -706 2109 1046 12 1381 364 332
214 -250 344 245 1842 108 728 1048 677
408 -152 1345 1030 1519 1123 1004 2032 1870 184 758
166 -210 1355 2269 418 359 1168
244 -538 926 1015 2105 718 952
246 -90 647 954 2148 1116 1782 350 2089
212 -326 1742 1615 300 510 331 1614
258 -64 2190 1941 1304 2090 1117
356 -370 35 1796 631 1358 584
220 -446 355 1787 2154 1526 1885 2002 365
642 -584 399 569 140 1779 446 788
198 -278 1535 241 1187 20 924 1890
216 -332 1018 923 1615 1608 1857 510
208 -328 1353 542 923 1742 1608 1614
248 -364 171 639 2121 539
228 -306 331 913 1947 1362 1849 71 588 215 2113
163 -800 1771 1951 442 1993 1840 2051 1692 463 1204 2050
454 -240 1988 1708 1170 1361 797 2151
206 -138 748 644 2128 2255
116 -510 1679 1975 286 581 469 1887 1258
390 -484 1400 1272 1316 634 99
590 -658 1420 2030 199 1045 2221 213 2181
456 -578 1150 746 1422 1340 1587 1822 322 4
258 -450 2052 973 2061 1026 1021
298 -486 990 2024 176 550 173 2171 948
398 -344 976 1804 119 1120 470
538 -504 1142 1138 1949 1220 1227 1495 790
202 -518 1459 2135 650 277
256 -260 1023 1158 862 1074 651 1906
384 -266 613 1161 1196 1959 678
388 -416 1759 2225 734 1952 1327
46 -536 281 1244 181 1816 1769 280
272 -470 1663 1226 272 1147 1800 1673 892 2061
266 -310 598 71 703 1868
404 -360 386 2222 1029 931 698
226 -94 1551 1364 549 567 489 481 1696 2183
382 -750 517 358 1956 116 394 25 1766
80 -528 1415 137 1987 49 801
194 -550 265 1164 615 1557 1778 1735 89
376 -298 1325 387 389 601 611
360 -582 2137 484 1968
234 -214 565 1724 1111 1864 483 278 709 74 974
366 -662 187 1292 1866 440 1232 521
332 -520 866 1522 1086 52
368 -214 2115 459 1814 1768 2186 1462
364 -552 1124 2077 1693 449 133 909 1570
504 -712 992 5 1691 53 393
524 -690 925 1657 1534 486 196
348 -464 724 1305 1838 1210 662
608 -540 1038 138 1221
320 -402 230 1697 570 1479 1213 288
352 -434 1528 334 1010 1339 1699
506 -492 1780 2055 1481 2156 452
332 -376 573 376 1755 2056 2273 328
298 -234 1176 1217 1174 1342 919
520 -692 925 1423 48 717 1649 1534
368 -564 1781 531 1297 1714
302 -124 1348 1494 1834 921 1298 145 1002
10 -590 2106 970 2120 1756 1982
240 -378 771 1983 340 509 1588
248 -498 433 938 1985 702 1542 838
268 -476 2229 1795 1986 1226 272 1634
100 -520 101 1126 1979 1896 1975
334 -278 1855 1990 1568 1188
204 -348 1843 1353 1429 833
174 -734 193 2127 1692 463 881
370 -380 206 1358 1311 422 156 2070 1112
18 -566 991 809 1995
246 -430 1886 602 968 1360 309 511 161
226 -372 1794 869 1718 771 590 2283 591
252 -244 2075 211 901 41 480 516
276 -458 1634 892 1800 354
410 -272 2080 1924 2192 1202 902
218 -596 233 1555 315 1247 1416
368 -312 225 2290 805 345 217 468
330 -694 1805 2109 2125 169 1279 824
310 -450 1373 222 0 604
142 -494 1975 2037 58 1765 1621 286 1897 1490 2172 2254
262 -410 603 102 431 103
384 -256 1376 1329 1161 1196 613
274 -384 859 646 1575 1561 351 1063
256 -70 2090 1941 194 2197 2190 1383
378 -212 2186 1814 2132 1563 1379
164 -252 177 1564 2231 1249
238 -58 1595 72 2185 1084 989 2010 904 1600
112 -736 2228 442 1821 1929 638 1974
442 -462 793 778 1206 1520 2004
224 -648 1876 908 174 482 2136 865
268 -80 1531 2145 684 421 1308 2197 1833 1383
512 -706 1648 5 53 1129 1790 2233
230 -728 463 1618 1667 2127 1933 835 1204
364 -542 2000 2077 1647 1431 97 1570
186 -276 20 1187 2041 2104
524 -680 1937 486 1488 798 2198 196
230 -90 350 1291 647 481 1637 2183
320 -392 230 1652 1213 426 15
308 -238 1342 1573 1397 1005 1174 1092
360 -428 1339 734 1389 334 104 1653
218 -344 1576 1843 1343 850 1185
204 -446 1777 997 58 536 2241 1182 614
408 -96 1775 907 1285 1094 2057 1177
306 -48 2116 1219 1711 202 2209
438 -204 487 183 844 538 2165 1831 1792
228 -394 381 1536 1022 109 1267 1182 803
232 -364 1718 2212 928 700
162 -714 1050 193 597 2013 1848
446 -244 2279 580 93 2194 1988 1619 1170 87
364 -254 443 378 2216 34 1412
370 -334 2218 1407 1401
310 -54 2116 1068 1034 1703 202 2219
374 -484 385 2278 2270 27 1278 1400 2202
362 -330 2218 1401 1016 244 506 1538 1352
372 -560 377 909 618 1781 449 1297 1658
394 -282 2192 562 229 39 1202 1109
404 -592 1001 1283 804 534 2017 2012 30
192 -184 729 1111 937 204 1218
236 -370 869 2212 807 1588 1706 340 700 1671 771
282 -486 2063 2229 943 990 550 1032 630
362 -366 206 1191 1358 544 631 2153
402 -402 2123 853 633 163 1452 1106 33 1162
374 -340 840 2020 587 1407 2218 1016 119
334 -124 352 648 1237 1028 889 1409 1460
196 -190 1133 565 1643 1111 729 2100
60 -558 874 801 137 1055 1414 1239 888
312 -630 1808 1313 192 1774 313 1114 1371
408 -338 864 45 470 1120 1058
232 -112 567 566 1250 645 1729
224 -108 1728 567 645 1243 1801
392 -250 1589 1376 1464 1770 1859 1196
358 -108 1233 1812 889 971 1953 1861 2259 2177
78 -728 2228 1149 1225 910
444 -260 87 2151 955 1312 1823
360 -526 2000 1824 1436 1431 1125 722
212 -548 615 1640 1236 89 1560 478
408 -194 1380 413 178 568 836 1007
68 -534 137 1415 1246 232 1554
304 -402 2119 1599 398 1553 221
424 -318 676 797 45 920 864 1075 1970 2234 237
336 -434 419 1426 1509 1747 1089
328 -350 54 1310 830 2244 458 1880
206 -324 1615 1608 300 542 846
196 -576 214 1915 2232 120 615 1322 1514 1286 1035 314
504 -692 2287 787 1242 48
332 -320 467 249 1432 1943
0 -750 1149 1951 2018 100
340 -440 1740 1426 1089 756 1212 1010
274 -86 1438 918 2047 2145 1308
174 -148 1889 1321 1439 291
224 -494 296 321 1521 1012 375 1832
382 -442 1229 1131 2253 1100 2207 932
176 -194 658 1168 1355 2269 1877 1253 1216 540
194 -242 1888 664 2108 298 1984
354 -380 1940 422 1396 808 847 584
338 -372 1256 2056 1655 328 240
16 -586 2120 1660 1982 1806 258 548
398 -422 1759 2225 1452 2123 117
236 -360 373 928 171 162 2121 807 700
390 -418 1632 2225 1327 163 1452 1757
358 -206 811 1580 502 1462 1269
246 -410 1052 268 198 1259 1458
400 -468 634 732 932 2207 99 1763 554 134
420 -446 2207 1762 554 853 1162
176 -580 1994 214 1322 1514
160 -486 58 1679 1031 1922 1490 276 1908
354 -766 1113 1956 978 394 1638
392 -204 1964 126 2034 2264 1563 1379
362 -212 1646 459 1462 502 1850
44 -540 281 1633 1239 280
402 -248 944 2194 999 1464 1730 1859
116 -794 1618 1951 442
364 -630 1486 1827 1433 984 1866 1559 1208 1241 1290
272 -404 781 2072 514 2167 279
342 -648 2129 313 440 1726 192 673 2076
370 -72 1702 907 1285 1006 2069 1119 1917
644 -46 476 425 1469
198 -454 1922 58 1931 1701 997 574 688
212 -538 1557 1640 277 610 616 987 89 1919
640 -570 1612 140 1828 716 788
498 -486 2055 797 82 1654 402 683 1481 2086
370 -566 1251 531 2098 618 1714 1658
250 -92 2148 2146 1607 2089
392 -96 236 1285 1254 1177
314 -256 760 2281 299 2282 1475
326 -496 146 1523 903 407 2091
14 -638 731 841 2107
222 -438 355 1611 2154 2201 91
232 -488 1178 1532 1542 2101 296 1012
348 -254 2284 2170 2285 1498 457
518 -702 1691 1129 717 579 627 2233
294 -54 1219 1370 1020 155 202 2209
426 -210 1704 2165 1831 1295 1265 580 2279 2235
438 -184 967 1938 1891 1014 789
220 -370 869 1854 527 960 58 1671 2283 956 1337
266 -486 433 595 896 535 239 1986 2229 1663
346 -366 1437 847 2240 35 1610 584
386 -402 876 1367 697 1503 33 105 2217
252 -322 2179 522 2113 1186
162 -694 1050 188 597
278 -460 1147 1634 1673 1556 1235 1234 1590 354
212 -106 1551 1324 1364 768 107 1243 160 1909 645 1729
166 -664 1874 1449 482 1189
318 -124 1215 1811 921 1494 352
402 -346 976 1627 110 45 470 706
292 -660 2109 1677 2125 966 886 1577 192 1262
56 -612 740 21 713 2107 731 806 899 1982 1756 548
170 -634 826 1139 1501 1103 594
304 -634 855 192 1040 1726 1313 1463
184 -160 1889 802 1321 810 799 632 890
590 -582 1033 788 982 1916
322 -130 1215 455 1803 352 1027 648
342 -108 1913 1815 1348 1233 1237 1731 2215 1953 1460 2259
344 -526 2131 795 1086
372 -216 1646 2115 2132 2186 1684
338 -74 1913 1812 1418 1034 1470 1903 1406 1233 1119 1917
52 -534 181 1633 232 1244 1987
402 -238 2194 580 127 1508 1589
408 -318 743 1960 1075 1581 1280
242 -106 420 417 566 489 3 617
644 0 2130 425 1195 318
96 -726 2228 1687 1974 910
485 -538 1340 1227 452 2156 1869 2220 2027 1422 819 1465 1417 553 1624
432 -266 324 1884 1312 2194 87 1733
348 -532 2077 2000 1734 124 1923 795 2131 1436
168 -156 1485 837 290 147 802 1439
258 -724 12 1344 1932 559 494
378 -640 1180 1013 187 1866 1486 1772
640 -560 140 569 1779 1518 716
324 -440 222 863 1408 1509 129
364 -476 2270 681 1893 130 2252
440 -206 487 28 1704 1295 1792
216 -498 375 1296 575 1521 456 1750
258 -86 2148 2146 2197 1690 1531
298 -122 1350 918 1300 1348 1659 1002
288 -374 1962 271 1281 351 85 515
300 -348 2262 721 175 831 2008 659
328 -330 1537 409 2081 195 995 249 1137
354 -468 660 22 1305 1650 662
252 -420 812 268 552 1419
644 -795 358 517 885 750 157 828 1993 1618
264 -394 349 2022 2167 507 2258
222 -248 344 37 1603 677 558 985
208 -350 1666 1353 2006 833 585 1700 1576 1343
322 -372 1530 376 1248 2159 573
356 -248 1412 2170 1533
326 -342 2244 409 1537 830
432 -652 1180 1274 1013 2247 64 1587 2227 1511 471
160 -718 597 2245 1707 2013 193 2050 881
252 -276 598 71 1158 1906 1585 1468 1362 1617
352 -214 1862 502 2164 459 1768
396 -586 726 929 1043 2012 30 1208
176 -174 490 2168 62 147 411
294 -538 212 2169 1540 1061 927 46 555 472
220 -360 1435 527 928 1223 1794 869
340 -276 1214 1403 31 273 1529 1665 1990 1188 2054
240 -338 1492 1410 1062 773 674
224 -330 510 390 1614 1018 1110 1185
166 -654 1544 21 482 1189
394 -252 1770 1730 999 1196
36 -544 2124 281 1239 2110 888
360 -110 1731 1233 81 2177
346 -212 502 1580 1850 1314 250 164 2246 2164
314 -488 2171 176 1550 903 146 2083
254 -214 408 179 483 1643 709 182 1918
600 -622 446 7 2206 66 1356 679 125
370 -654 187 1827 1644 1772 1559 440 2129
356 -490 130 22 1305 1872 681 755 1565
274 -308 1558 653 412 598 1635 703
482 -486 402 683 1822 2156 404 1079 2086 1465 605
396 -154 1604 184 2032 238 606 1998 911
202 -288 1890 241 2058 842 588
352 -492 1077 1523 98 1305 621 755 1867
184 -536 1557 265 1
164 -670 180 21 188 1449 1802 1189
434 -302 834 797 920 2074 953 1076
230 -652 571 1040 908 1689 865
186 -200 1253 1752 1216 1450 2100
312 -276 1468 690 360 2005 1496 17 1190 144
332 -254 496 1146 693
318 -356 757 2244 190 54 128 1741
446 -276 834 797 2151 324 2208 283 955
278 -54 84 1370 1454 543 247
432 -112 1572 56 1948 308
430 -268 2080 2194 324 1823 1466
220 -458 1894 1526 55 259 1611 2002 1169 614
240 -436 1271 968 1526 369 602 1670
112 -516 1896 1979 469 1621 1258 11 1441
188 -246 1753 664 1898 197 1895 2108
172 -152 1439 802 1809 1321 1749
198 -290 1613 924 241 1871 761 65 2058
434 -158 1938 429 153 832 1014 1793 16 619
260 -530 1499 306 718 1099 546 600
368 -478 1830 2270 27 1278 2252
246 -452 464 973 2052 55 369 1526 1885
192 -252 695 2211 197 764 1888 207 2108
108 -518 1887 1979 1664 1975 11
136 -500 286 1679 1545 267 2254
184 -248 177 2200 466 764 197 1888 664
234 -514 926 1081 1098 1390 1091 951 149 1972
342 -196 252 1108 1580 1954 164
232 -324 666 2113 1947 390 823 1110
584 -712 414 2011 157 111 2256
352 -60 1470 1815 1418 825 1584 817
598 -530 1038 620 138 2265 1967
276 -516 274 388 1101 2019 306
256 -272 1158 1849 1585 862 1630
590 -526 210 682 620 2265 1967
154 -490 1490 1765 1372 276
222 -130 160 1801 645 672 1335
302 -388 438 1391 320 1473 2087 221
328 -526 1522 69 1382 1997 2226 866
582 -522 620 797 636 682 210 224 347
322 -74 1034 154 1350 1348 1812 1815 1406
580 -598 2021 2065 2288 113 2111
190 -592 214 1743 2232 1547 1555 233
592 -572 2103 682 2265 982 138 1221 788 716 661 1810
364 -70 2069 1470 1815 1119 1775
264 -132 26 1920 712 182 1864 408 86 1497 19
214 -540 1036 616 1236 89 1778
256 -128 1173 779 617 372 182 26 1918
580 -634 2181 1047 475 391 707 1413
178 -474 1031 1765 58 123 1931 1777 2267 1121
332 -532 124 1824 2077 223 782 2131 2226 866 1086 858
408 -262 944 2194 2080 999 1674 2192
292 -316 578 2028 243 234 2026 1471
322 -604 1371 1463 1546 1061 711 2236 505 643
192 -494 330 2007 1333 456 783 1459 9 1552
272 -374 1575 1063 226 1421 462
128 -738 1687 442 638 1974 333
284 -348 557 136 721 905 794 43 2078
196 -464 1922 123 1777 363 528 688
254 -734 1344 2051 1826 1204 559 44
246 -730 835 1692 1204 559 44
340 -508 235 1597 680
228 -416 1307 242 1052 292 1493
540 -682 416 337 1179 1937 1088 2242
532 -678 1179 1488 486 1088 1936 1695
440 -186 429 1891 183 1793 967 844 246
178 -186 2040 658 729 937 540 1491
358 -382 1311 1104 422 1754 808
258 -66 1683 2090 2190 1609
336 -214 164 1954 2246
322 -316 148 493 1432 90 995 249 1745 304
278 -538 600 388 546 121 1148 1061 396 2169 472
204 -360 833 2037 58 585 2239 1273
384 -556 63 189 428 377 2038 51
228 -308 390 1901 2113 331 1617
430 -114 2046 2057 308 1183 263 56 1883
534 -500 2055 797 1142 1628 1220 371
366 -278 665 541 744 1318 2176 1375
0 -795 1149 1746 1618 1771 442
384 -412 734 253 1632 1327 303 697
344 -110 1731 1812 2259
330 -212 1027 1108 1900 873 1398 164 508 2246 1942
286 -514 1101 274 2024 2289 1506
358 -768 1638 517 1113 1766
212 -76 942 513 307 549 2183
290 -404 1553 1326 2 699 14 13 2119
384 -268 2260 678 1969 1196 1631
402 -316 406 849 772 1159 743 1818 1581
576 -618 1598 701 679 1456 391 437
286 -370 325 6 271 444 351 1835
222 -614 1247 1040 1591 1467 1203 1515
398 -202 126 1767 178 1265 836 2034
264 -122 916 1388 26 372
288 -416 219 776 1165 14 642 78
596 -532 1904 620 2265 1907
360 -584 484 1208 1166 2137 1642
388 -274 2192 562 1196 678 895 2260 1959 229
428 -310 2074 920 1739 2234 285
186 -288 177 542 622 924 761 875
232 -520 926 1015 149 1899
104 -600 2142 2272 996 1245 319 612
128 -728 180 2268 1821 1687 638 1929 910 333 2245 597
96 -516 542 2037 1564 1244 1679 1987 101 1621 1664 1896 1258 11
216 -432 2276 2241 2201 1307 91 1182
330 -454 863 756 1212 1294 1425 655
446 -220 93 2279 880 1295
126 -538 2187 641 1126 1887 1896 1441 1664
228 -406 1992 1536 292 381 1052
540 -672 337 2250 1179 2152 159 1336 1393 430
10 -592 1806 1756 806 1660 2106
240 -380 771 590 295 509 1661
198 -234 298 287 1753 664 1448 766 1051
248 -500 40 1499 938 838 1662
260 -474 1795 239 166 1663 1226 2277
92 -518 1975 1244 232 1415 101 49 1639 1816
450 -226 1708 93 1619 880 1361
0 -26 741 1140 2053 1264
334 -280 1855 1665 1568 1136 2054 537
526 -630 1340 2045 2205 461
224 -408 292 1307 1182 1536 1980
320 -790 978 763 517 1840 1618 2051 1113 878
154 -578 1347 641 434 214 1764 1322 314
18 -568 258 1319 809 1669 1500 991
390 -296 229 1325 387 849 305 39 2023 353
316 -532 1382 1911 356 223 2226 477
390 -152 911 1080 1160 448 1028 606 1870
276 -316 653 703 1287 2126 1558
360 -538 2077 1824 1734 1693 1431
286 -360 905 1154 1065 8
218 -454 1885 1611 365 800 614
458 -472 582 1079 791 793 778 2004 2060 605
442 -464 2003 793 1688 1520 2060 99 134
314 -278 17 1496 1878
214 -340 1843 1353 923 1576
210 -486 330 321 1927 1255 9 2042 1378
312 -354 831 1836 774 757 659 128
342 -382 2273 870 1396 491 2056
242 -66 1686 72 1291 2190 904
538 -702 414 1902 157 627 2143 1042 495
400 -588 1716 534 1043 30 1851
162 -716 1707 193 1848
204 -304 32 913 1476 723 1209 1093
358 -362 544 1224 35 631 2153
374 -306 389 387 345 217 468
404 -594 882 1208 1001 1716 30
40 -726 1746 100 1149 1230 1354 2095
270 -514 40 306 1101 260 2149 1905
384 -356 840 1722 739 2222 1191 1445 976 119
582 -600 1334 2065 1598 113 1914
258 -396 349 1841 38 733 507
398 -290 39 1996 1202 822 353 1109
296 -508 1626 990 176 400 2289 608 2064 69 274 1275 1955 1382 212
262 -366 737 592 75 462 397 73
294 -318 947 234 1925 1471 77 1306
452 -526 1411 2220 1822 1417
286 -314 2126 243 1925 578 80 1558
182 -522 1557 2135 132 1372 1 1441 2172
604 -660 1115 83 792 1420 2139 199 1623
644 -696 1115 83 157 560
398 -146 238 2033 450 1004 1604 1870
390 -142 911 1080 238 450 2079 228 2032 525
388 -218 915 786 1964 1767 1265 1563 906
358 -604 1433 752 92 1072 749
164 -244 2144 1249 2231 727 141
202 -356 542 1975 1429 833 1679 1945 58
382 -552 189 1946 1261 377 51 629 97
432 -144 16 153 1320 691
172 -184 658 2191 1939 1491 1132
186 -268 466 284 1187 1694 2104 2280
210 -476 9 2007 1378 135 528 912
312 -344 2188 409 423 659 175 1385
234 -690 1050 227 1386 1434 364
520 -638 950 1008 1587 1340 1991 461 1574
418 -102 308 1257 2057 1948
274 -88 2145 918 1748
448 -124 429 425 2049 56 257 1572
440 -120 2048 56 257 201 263
160 -740 1848 2245 333 463 1618 442 881
274 -762 1993 1618 1344 1932 878 1204
256 -448 1894 973 1625 369 1442 1021
190 -94 218 1264 1989 741 168 2163 671
340 -298 1855 1990 31 663 61 1095 537
520 -494 1780 797 1949 1654 371 452 813 819
338 -374 491 1256 1755 1655 2273 2009
414 -104 2046 1257 1094 1702 1177 1948 1183 185
204 -294 1890 65 1871 842 913 1209
350 -348 848 244 1096 384 930 379 60
444 -504 1579 424 2004 2003 1411 99 605 2066
260 -454 1625 973 1026 892 1226 1634
438 -726 1444 885 67 828 248 2247 1399 2287
282 -478 2229 272 1147 1032 1719
314 -510 608 2024 69 1512
582 -590 982 2103 1334 1033 2021 1914 2111
448 -510 553 1465 605 2060 1417 1411
270 -360 1405 2068 261 1154 75 73
262 -356 1461 945 1405 592 75 2067
366 -68 1775 907 1917 1470 1584
376 -378 2117 206 704 1668 1112
218 -578 1416 599 357 1286 1157 1035
280 -410 781 1773 2 14 78 279
344 -574 2236 858 820 2137 488
420 -304 1199 822 920 1875 1309 953 1970 285
250 -238 1053 2140 211 480 1672
342 -650 673 1240 1774 192
356 -548 2000 1824 1923 1693 1124 858 1647
296 -354 831 721 1930 774 1065 905
390 -132 2033 450 2266 2182 185 228 1474
416 -270 1884 2194 1924 1674 902 829 1466
316 -332 1837 409 523 1478 995
256 -52 1525 1044 410 1600
320 -482 1527 914 986 2171 317 1550 146 1863
360 -518 401 998 1436 2193 722 1477 186
400 -182 94 79 518 561 142
498 -488 1481 2156 1869 1780 683
296 -390 1122 2175 784 1473 1910 515 221
438 -294 953 1309 283 834 1076
250 -94 954 420 867 2146 1782 1607
262 -68 1117 684 1683 1941 1383 1609
326 -498 407 1785 1571 608 903
376 -90 236 694 1285 1006 1233
338 -472 1305 98 724 655 1077
280 -122 1300 918 1596 1078 1388 916
0 -742 2018 100 1354
364 -344 1016 587 848 244 840
464 -468 778 797 82 791 582 404
374 -574 726 484 1251 618 1781
322 -384 426 230 573 231 15
194 -198 1133 1724 729 1253 1450 851 1877 972
232 -490 427 1542 1788 1012
300 -216 657 19 1497 455 368 586 1027 1483 508
544 -576 682 1227 982 2065 1340 1916 264 2111
184 -270 2041 1694 466 177 20
242 -540 1015 1606 1443 952
0 -598 806 338 1660 970 1982
18 -646 740 1315 1806 731 841 1786
196 -244 298 1753 695 1895 1888
298 -700 1805 1677 473 1344 963 1046 12 1279 883 1577 1602 1049
32 -550 1860 2124 1055 809 888
566 -600 1456 2288 1484 264 1914 2065 2103
352 -262 2284 1192 965 254 273 665 744 2285
244 -320 666 1901 1024 1947 2179 215 1617 1798 1186
398 -378 1368 1069 1583 1276 1457 2117 704
364 -236 1201 326 1646 459 1814 2132 1277 114 1263
312 -46 1219 1195 993 1068 1711 1703
390 -374 739 1191 206 2070 704 1368 2114
242 -396 435 735 152 109 803
302 -410 1738 1599 1037 2238 13 1553 1958
16 -578 1500 970 1660 1756 258
246 -366 171 1758 807 539 1616
364 -730 394 116 25 1444 2189 824
400 -424 1721 853 262 1452 117 1757
28 -552 809 1244 281 1860 2110
336 -668 1805 1677 169 192 1240 521
278 -318 243 2028 640 1287 1558 1999
228 -726 1050 193 1386 1667 1692 835 1288 131
204 -140 203 291 748 383 1620 2255
348 -642 1559 1866 440 654 313 1774
354 -48 425 1820 1195 993 907 2134 275 817
344 -528 795 1824 124 1923 1813 1086
380 -222 1814 2115 326 1513 906 1563 1684
316 -466 715 986 317 1087 532 1507
350 -50 993 2130 275 1418
200 -520 1557 277 1459 132 2029 1629
226 -658 482 453 1689 865
354 -578 2073 820 2223 488 531 484 1166 1968 1642
236 -702 131 1386 364 332
644 -676 792 399 2030 83
250 -228 753 362 1153 445 1053 211 2075
328 -296 1095 725 545 2155 150
84 -610 1172 2272 713 1973 612
532 -700 579 627 2011 1042 1534
166 -234 1249 359 2036 418 1083 917 141
266 -92 1596 918 2047 867 1531 1690 1748 1308
258 -88 867 1531 2148 1782 2089 1833
284 -226 576 1299 657 499 405 1003
250 -84 1116 1607 1782 2146 1833 2197 194
268 -510 2019 260 501 938 40
382 -532 1440 189 1455 1349 629 2161
450 -258 1170 1619 797 1881 87 955 1733
534 -666 1211 1008 159 1981 1336
360 -364 631 2015 1720 544
224 -440 1271 1526 1611 1787 2201
324 -298 572 150 2141 545
504 -494 1481 1654 452 1822 1869 2086
268 -546 767 546 505 1148
370 -414 734 253 374 2275 839
322 -374 1248 231 573 1844
334 -348 1601 1310 930 379 60 1392 195 458
378 -534 1349 2150 629 1431 97
372 -460 158 1569 934 1586 1339 979
186 -104 2053 218 671 935 768
352 -216 1850 459 1314 1862
426 -202 967 568 538 1704 1792 1007 836 2235
590 -682 395 111 157 1115 199
268 -402 514 102 1773 349 1841 2258 279
176 -176 937 490 1491 1852 411 1132
286 -536 396 1944 212 1853 472
352 -252 1412 1845 1533 2284 1789 457
310 -484 1626 176 986 2083 948 1550 76 1863
146 -498 1490 1679 1372 1441 267 2029 2254
260 -254 1023 651 1074 1231 827 41
246 -356 171 945 162 346
286 -392 1326 1122 784 646 1197 2087 1510 2
374 -276 678 895 460 1318 1950 1375
360 -112 1731 889 1861 81
368 -202 2264 897 949 2186 1462 1269
250 -326 596 522 1024 751 2113 1798
350 -184 1028 1027 252 1504
580 -646 1451 2221 1623 213 1047 475 1921
382 -136 1175 81 889 2266 2079 228 1028 1080 525
220 -74 1696 1291 72 307 1957 549 1238 1637
284 -504 1506 2289 1369 1144
240 -52 1084 1195 1044 1686 1600
372 -208 1646 1814 2178 949 1462 1684 1379
122 -554 874 801 1126 1979 641 754
314 -346 2244 409 2043 659
392 -680 1444 2122 18 1260 1180 824 1292 187
246 -68 1116 1291 1304 904 194 2010 1683 1941 1609
164 -178 290 837 359 1168 658 411 2040 1132
404 -276 562 1715 1924 1674 999 1202 1196 1969
370 -512 366 1516 1193 998 2084 1455 186
416 -250 1708 580 1817 127 2080 1884 1770 944 1924 1464 87 1823
308 -308 1566 1155 589 493 415 77
328 -286 1136 1568 2203 537 545
258 -78 2148 1833 1690 194 1683 1383
522 -682 798 2199 925 1695 196
514 -678 2287 1130 1423 798 925 2198
180 -244 2231 177 451 664 1898
224 -430 2154 1787 1976 1307 59 1271 91
378 -488 1400 765 385 1712
324 -288 144 17 1568 2196 572 545
264 -386 1575 200 859 507
530 -622 1340 1991 461 1451 1484 391
598 -640 213 7 1865 66
410 -440 1229 1751 262 853 932 1762 1763
442 -280 324 1881 1346 283 719
304 -50 1791 1219 202 1703
348 -236 1263 854 205 1357 1398 250
200 -258 1535 245 108 695 669 1895 207
230 -366 869 1718 1706 928
430 -162 1222 871 1345 16 619
370 -260 1329 443 34 1363 460 1161 678
336 -118 1237 1812 1409 1460
362 -256 34 1709 1412 2284
388 -394 704 667 42 876 556 33 1797
368 -336 1407 1722 1401 1713 1016 1710
308 -56 202 154 1711 1034
452 -558 1411 2027 1822 1422 63 534 216
572 -660 1045 1623 2181 1451 2243 2250
398 -358 2020 739 386 976 1636 1029 706
356 -590 820 1374 2137 220 1166
204 -84 549 1551 513 894
388 -430 1759 1632 734 887 1229 117 1757
328 -528 1923 223 1997 1911 866
454 -604 1847 1587 471 1541
82 -732 442 1149 1687 1821 1732 910
272 -484 1795 896 1663 272 2063 1719 630 1059
334 -50 993 1068 1034 1418
168 -246 177 2200 451 2036 1249 1685 727
216 -588 1915 1743 1286 1416 233
516 -700 48 717 1790 898 5 1691
418 -314 1970 1739 237 743 285
424 -208 836 2165 1792 1265
334 -580 2073 858 820 1374 711 1546 1926
236 -682 963 946 29 571 227 1434
312 -412 1037 524 2119 1599 1479
210 -364 585 1945 1435 527 960 1273
344 -364 1437 1796 240 35 625
208 -440 355 2276 1976 536 1701 1182
540 -684 416 1936 1088 1567
544 -654 1451 2221 2250 461 969 430
318 -348 2188 409 757 1880 1846 1741 830 659
146 -730 1974 333 597 1848 2050
336 -216 250 1398 1954 1862 164 1942
440 -682 1847 1274 64 1399 2062 2287
232 -424 242 59 1493 1017 251
252 -402 435 735 733 103 1259 1458 349
558 -674 705 2256 1045 2221 2243 337 1981 430
226 -350 373 311 1223 1343 850
368 -470 158 1278 1893 1569 1830 130 22
380 -444 1751 1100 979 1131 1339
138 -502 1897 267 2172 1679
206 -142 160 644 1620 2128 672 1268 383
570 -684 414 1902 111 395 1045 2250 705 1009
244 -254 1317 1158 994 270 901 115
270 -392 1197 269 507 859 1841 2167 646 279
344 -112 1731 971 1953 1812 1460
384 -270 1969 678 1959
410 -142 1143 500 1123 1345 1004 255 1474
298 -346 721 1836 557 492 175 10 1385
296 -422 776 1198 1408 1037 219 1165
390 -200 126 1767 897 2178 949 1379
596 -534 682 1907 1916 138 1904 1967
384 -126 2182 2079 1175 185 1177
180 -476 123 1922 1552 1121 1427
84 -688 740 1543 180 1974 910
172 -206 418 151 1355 1752 1216 1605
366 -486 959 681 1830 1893 2278 27 1712
292 -308 1155 80 578 1471
104 -602 2142 1172 1973 996
332 -380 870 230 573 1655 2056 2009
204 -460 135 528 688 574 997 614
364 -412 1311 1104 1019 1582 1301 288 736 374 2158 839
216 -434 355 2241 1976 91
256 -470 166 1986 1226 973 464
370 -492 959 2270 50 385 765 730 1712
446 -222 1708 580 93 1978 1295 1792
194 -266 2041 284 1187 1535 669
320 -262 496 1000 1146 760 297 299 1784
312 -258 1005 961 299 1784 1475
224 -374 1794 956 1671 591
354 -260 34 2216 2112 1192 1412 2170 1789 2285
346 -256 1498 965 1789 2112 2284
196 -168 1453 1578 799 490 890 974 1268 769
482 -674 1130 950 787 1744 992 828 2062 2247 64 2199 1423 1242
572 -604 1914 113 1456 2111
286 -506 400 2024 1955 1506 2184 1369
368 -316 668 225 1676 805 975
