# Mock up of Composition A (1923); Piet Mondrian. Constructed by Rhyd Lewis, Cardiff University, 2026.
4019
0 0 1 542
1 0 0 2
2 0 1 3
3 0 2 4
4 0 3 5
5 0 4 6
6 0 5 7
7 0 6 8
8 0 7 9
9 0 8 10
10 0 9 11
11 0 10 12
12 0 11 13
13 0 12 14
14 0 13 15
15 0 14 16
16 0 15 17
17 0 16 18
18 0 17 19
19 0 18 20
20 0 19 21
21 0 20 22
22 0 21 23
23 0 22 24
24 0 23 25
25 0 24 26
26 0 25 27
27 0 26 28
28 0 27 29
29 0 28 30
30 0 29 31
31 0 30 32
32 0 31 33
33 0 32 34
34 0 33 35
35 0 34 36
36 0 35 37
37 0 36 38
38 0 37 39
39 0 38 40
40 0 39 41
41 0 40 42
42 0 41 43
43 0 42 44
44 0 43 45
45 0 44 46
46 0 45 47
47 0 46 48
48 0 47 49
49 0 48 50
50 0 49 51 1270
51 0 50 52
52 0 51 53
53 0 52 54
54 0 53 55
55 0 54 56
56 0 55 57
57 0 56 58
58 0 57 59
59 0 58 60
60 0 59 61
61 0 60 62
62 0 61 63
63 0 62 64
64 0 63 65
65 0 64 66
66 0 65 67
67 0 66 68
68 0 67 69
69 0 68 70
70 0 69 71
71 0 70 72
72 0 71 73
73 0 72 74
74 0 73 75
75 0 74 76
76 0 75 77
77 0 76 78
78 0 77 79
79 0 78 80
80 0 79 81
81 0 80 82
82 0 81 83
83 0 82 84
84 0 83 85
85 0 84 86
86 0 85 87
87 0 86 88
88 0 87 89
89 0 88 90
90 0 89 91
91 0 90 92
92 0 91 93
93 0 92 94
94 0 93 95
95 0 94 96
96 0 95 97
97 0 96 98
98 0 97 99
99 0 98 100
100 0 99 101 1359
101 0 100 102
102 0 101 103
103 0 102 104
104 0 103 105
105 0 104 106
106 0 105 107
107 0 106 108
108 0 107 109
109 0 108 110
110 0 109 111
111 0 110 112
112 0 111 113
113 0 112 114
114 0 113 115
115 0 114 116
116 0 115 117
117 0 116 118
118 0 117 119
119 0 118 120
120 0 119 121
121 0 120 122
122 0 121 123
123 0 122 124
124 0 123 125
125 0 124 126
126 0 125 127
127 0 126 128
128 0 127 129
129 0 128 130
130 0 129 131
131 0 130 132
132 0 131 133
133 0 132 134
134 0 133 135
135 0 134 136
136 0 135 137
137 0 136 138
138 0 137 139
139 0 138 140
140 0 139 141
141 0 140 142
142 0 141 143
143 0 142 144
144 0 143 145
145 0 144 146
146 0 145 147
147 0 146 148
148 0 147 149
149 0 148 150
150 0 149 151
151 0 150 152
152 0 151 153
153 0 152 154
154 0 153 155
155 0 154 156
156 0 155 157
157 0 156 158
158 0 157 159
159 0 158 160
160 0 159 161
161 0 160 162
162 0 161 163
163 0 162 164
164 0 163 165
165 0 164 166
166 0 165 167
167 0 166 168
168 0 167 169
169 0 168 170
170 0 169 171 1488
171 0 170 172
172 0 171 173
173 0 172 174
174 0 173 175
175 0 174 176
176 0 175 177
177 0 176 178
178 0 177 179
179 0 178 180
180 0 179 181
181 0 180 182
182 0 181 183
183 0 182 184
184 0 183 185
185 0 184 186
186 0 185 187
187 0 186 188
188 0 187 189
189 0 188 190
190 0 189 191
191 0 190 192
192 0 191 193
193 0 192 194
194 0 193 195
195 0 194 196
196 0 195 197
197 0 196 198
198 0 197 199
199 0 198 200
200 0 199 201
201 0 200 202
202 0 201 203
203 0 202 204
204 0 203 205
205 0 204 206
206 0 205 207
207 0 206 208
208 0 207 209
209 0 208 210
210 0 209 211
211 0 210 212
212 0 211 213
213 0 212 214
214 0 213 215
215 0 214 216
216 0 215 217
217 0 216 218
218 0 217 219
219 0 218 220
220 0 219 221
221 0 220 222
222 0 221 223
223 0 222 224
224 0 223 225
225 0 224 226
226 0 225 227
227 0 226 228
228 0 227 229
229 0 228 230
230 0 229 231 1607
231 0 230 232
232 0 231 233
233 0 232 234
234 0 233 235
235 0 234 236
236 0 235 237
237 0 236 238
238 0 237 239
239 0 238 240
240 0 239 241
241 0 240 242
242 0 241 243
243 0 242 244
244 0 243 245
245 0 244 246
246 0 245 247
247 0 246 248
248 0 247 249
249 0 248 250
250 0 249 251
251 0 250 252
252 0 251 253
253 0 252 254
254 0 253 255
255 0 254 256
256 0 255 257
257 0 256 258
258 0 257 259
259 0 258 260
260 0 259 261
261 0 260 262
262 0 261 263
263 0 262 264
264 0 263 265
265 0 264 266
266 0 265 267
267 0 266 268
268 0 267 269
269 0 268 270
270 0 269 881
0 340 272 880
1 340 271 273
2 340 272 274
3 340 273 275
4 340 274 276
5 340 275 277
6 340 276 278
7 340 277 279
8 340 278 280
9 340 279 281
10 340 280 282
11 340 281 283
12 340 282 284
13 340 283 285
14 340 284 286
15 340 285 287 3505
16 340 286 288
17 340 287 289
18 340 288 290
19 340 289 291
20 340 290 292
21 340 291 293
22 340 292 294
23 340 293 295
24 340 294 296
25 340 295 297
26 340 296 298
27 340 297 299
28 340 298 300
29 340 299 301
30 340 300 302
31 340 301 303
32 340 302 304
33 340 303 305
34 340 304 306
35 340 305 307
36 340 306 308
37 340 307 309
38 340 308 310
39 340 309 311
40 340 310 312
41 340 311 313
42 340 312 314
43 340 313 315
44 340 314 316
45 340 315 317
46 340 316 318
47 340 317 319
48 340 318 320
49 340 319 321
50 340 320 322
51 340 321 323
52 340 322 324
53 340 323 325
54 340 324 326
55 340 325 327
56 340 326 328
57 340 327 329
58 340 328 330
59 340 329 331
60 340 330 332
61 340 331 333
62 340 332 334
63 340 333 335
64 340 334 336
65 340 335 337
66 340 336 338
67 340 337 339
68 340 338 340
69 340 339 341
70 340 340 342
71 340 341 343
72 340 342 344
73 340 343 345
74 340 344 346
75 340 345 347
76 340 346 348
77 340 347 349
78 340 348 350
79 340 349 351
80 340 350 352
81 340 351 353
82 340 352 354
83 340 353 355
84 340 354 356
85 340 355 357
86 340 356 358
87 340 357 359
88 340 358 360
89 340 359 361
90 340 360 362
91 340 361 363
92 340 362 364
93 340 363 365
94 340 364 366
95 340 365 367
96 340 366 368
97 340 367 369
98 340 368 370
99 340 369 371
100 340 370 372 3831
101 340 371 373
102 340 372 374
103 340 373 375
104 340 374 376
105 340 375 377
106 340 376 378
107 340 377 379
108 340 378 380
109 340 379 381
110 340 380 382
111 340 381 383
112 340 382 384
113 340 383 385
114 340 384 386
115 340 385 387
116 340 386 388
117 340 387 389
118 340 388 390
119 340 389 391
120 340 390 392
121 340 391 393
122 340 392 394
123 340 393 395
124 340 394 396
125 340 395 397
126 340 396 398
127 340 397 399
128 340 398 400
129 340 399 401
130 340 400 402
131 340 401 403
132 340 402 404
133 340 403 405
134 340 404 406
135 340 405 407
136 340 406 408
137 340 407 409
138 340 408 410
139 340 409 411
140 340 410 412
141 340 411 413
142 340 412 414
143 340 413 415
144 340 414 416
145 340 415 417
146 340 416 418
147 340 417 419
148 340 418 420
149 340 419 421
150 340 420 422
151 340 421 423
152 340 422 424
153 340 423 425
154 340 424 426
155 340 425 427
156 340 426 428
157 340 427 429
158 340 428 430
159 340 429 431
160 340 430 432
161 340 431 433
162 340 432 434
163 340 433 435
164 340 434 436
165 340 435 437
166 340 436 438
167 340 437 439
168 340 438 440
169 340 439 441
170 340 440 442 3880
171 340 441 443
172 340 442 444
173 340 443 445
174 340 444 446
175 340 445 447
176 340 446 448
177 340 447 449
178 340 448 450
179 340 449 451
180 340 450 452
181 340 451 453
182 340 452 454
183 340 453 455
184 340 454 456
185 340 455 457
186 340 456 458
187 340 457 459
188 340 458 460
189 340 459 461
190 340 460 462
191 340 461 463
192 340 462 464
193 340 463 465
194 340 464 466
195 340 465 467
196 340 466 468
197 340 467 469
198 340 468 470
199 340 469 471
200 340 470 472
201 340 471 473
202 340 472 474
203 340 473 475
204 340 474 476
205 340 475 477
206 340 476 478
207 340 477 479
208 340 478 480
209 340 479 481
210 340 480 482
211 340 481 483
212 340 482 484
213 340 483 485
214 340 484 486
215 340 485 487
216 340 486 488
217 340 487 489
218 340 488 490
219 340 489 491
220 340 490 492
221 340 491 493
222 340 492 494
223 340 493 495
224 340 494 496
225 340 495 497
226 340 496 498
227 340 497 499
228 340 498 500
229 340 499 501
230 340 500 502 4018
231 340 501 503
232 340 502 504
233 340 503 505
234 340 504 506
235 340 505 507
236 340 506 508
237 340 507 509
238 340 508 510
239 340 509 511
240 340 510 512
241 340 511 513
242 340 512 514
243 340 513 515
244 340 514 516
245 340 515 517
246 340 516 518
247 340 517 519
248 340 518 520
249 340 519 521
250 340 520 522
251 340 521 523
252 340 522 524
253 340 523 525
254 340 524 526
255 340 525 527
256 340 526 528
257 340 527 529
258 340 528 530
259 340 529 531
260 340 530 532
261 340 531 533
262 340 532 534
263 340 533 535
264 340 534 536
265 340 535 537
266 340 536 538
267 340 537 539
268 340 538 540
269 340 539 541
270 340 540 1219
0 1 0 543
0 2 542 544
0 3 543 545
0 4 544 546
0 5 545 547
0 6 546 548
0 7 547 549
0 8 548 550
0 9 549 551
0 10 550 552
0 11 551 553
0 12 552 554
0 13 553 555
0 14 554 556
0 15 555 557
0 16 556 558
0 17 557 559
0 18 558 560
0 19 559 561
0 20 560 562
0 21 561 563
0 22 562 564
0 23 563 565
0 24 564 566
0 25 565 567
0 26 566 568
0 27 567 569
0 28 568 570
0 29 569 571
0 30 570 572
0 31 571 573
0 32 572 574
0 33 573 575
0 34 574 576
0 35 575 577
0 36 576 578
0 37 577 579
0 38 578 580
0 39 579 581
0 40 580 582 1220
0 41 581 583
0 42 582 584
0 43 583 585
0 44 584 586
0 45 585 587
0 46 586 588
0 47 587 589
0 48 588 590
0 49 589 591
0 50 590 592
0 51 591 593
0 52 592 594
0 53 593 595
0 54 594 596
0 55 595 597
0 56 596 598
0 57 597 599
0 58 598 600
0 59 599 601
0 60 600 602
0 61 601 603
0 62 602 604
0 63 603 605
0 64 604 606
0 65 605 607
0 66 606 608
0 67 607 609
0 68 608 610
0 69 609 611
0 70 610 612
0 71 611 613
0 72 612 614
0 73 613 615
0 74 614 616
0 75 615 617
0 76 616 618
0 77 617 619
0 78 618 620
0 79 619 621
0 80 620 622
0 81 621 623
0 82 622 624
0 83 623 625
0 84 624 626
0 85 625 627
0 86 626 628
0 87 627 629
0 88 628 630
0 89 629 631
0 90 630 632
0 91 631 633
0 92 632 634
0 93 633 635
0 94 634 636
0 95 635 637
0 96 636 638
0 97 637 639
0 98 638 640
0 99 639 641
0 100 640 642
0 101 641 643
0 102 642 644
0 103 643 645
0 104 644 646
0 105 645 647
0 106 646 648
0 107 647 649
0 108 648 650
0 109 649 651
0 110 650 652
0 111 651 653
0 112 652 654
0 113 653 655
0 114 654 656
0 115 655 657
0 116 656 658
0 117 657 659
0 118 658 660
0 119 659 661
0 120 660 662 1705
0 121 661 663
0 122 662 664
0 123 663 665
0 124 664 666
0 125 665 667
0 126 666 668
0 127 667 669
0 128 668 670
0 129 669 671
0 130 670 672
0 131 671 673
0 132 672 674
0 133 673 675
0 134 674 676
0 135 675 677
0 136 676 678
0 137 677 679
0 138 678 680
0 139 679 681
0 140 680 682
0 141 681 683
0 142 682 684
0 143 683 685
0 144 684 686
0 145 685 687
0 146 686 688
0 147 687 689
0 148 688 690
0 149 689 691
0 150 690 692
0 151 691 693
0 152 692 694
0 153 693 695
0 154 694 696
0 155 695 697
0 156 696 698
0 157 697 699
0 158 698 700
0 159 699 701
0 160 700 702
0 161 701 703
0 162 702 704
0 163 703 705
0 164 704 706
0 165 705 707
0 166 706 708
0 167 707 709
0 168 708 710
0 169 709 711
0 170 710 712
0 171 711 713
0 172 712 714
0 173 713 715
0 174 714 716
0 175 715 717
0 176 716 718
0 177 717 719
0 178 718 720
0 179 719 721
0 180 720 722
0 181 721 723
0 182 722 724
0 183 723 725
0 184 724 726
0 185 725 727
0 186 726 728
0 187 727 729
0 188 728 730
0 189 729 731
0 190 730 732
0 191 731 733
0 192 732 734
0 193 733 735
0 194 734 736
0 195 735 737
0 196 736 738
0 197 737 739
0 198 738 740
0 199 739 741
0 200 740 742
0 201 741 743
0 202 742 744
0 203 743 745
0 204 744 746
0 205 745 747
0 206 746 748
0 207 747 749
0 208 748 750
0 209 749 751
0 210 750 752
0 211 751 753
0 212 752 754
0 213 753 755
0 214 754 756
0 215 755 757
0 216 756 758
0 217 757 759
0 218 758 760
0 219 759 761
0 220 760 762
0 221 761 763
0 222 762 764
0 223 763 765
0 224 764 766
0 225 765 767
0 226 766 768
0 227 767 769
0 228 768 770
0 229 769 771
0 230 770 772
0 231 771 773
0 232 772 774
0 233 773 775
0 234 774 776
0 235 775 777
0 236 776 778
0 237 777 779
0 238 778 780
0 239 779 781
0 240 780 782
0 241 781 783
0 242 782 784
0 243 783 785
0 244 784 786
0 245 785 787
0 246 786 788
0 247 787 789
0 248 788 790
0 249 789 791
0 250 790 792
0 251 791 793
0 252 792 794
0 253 793 795
0 254 794 796
0 255 795 797
0 256 796 798
0 257 797 799
0 258 798 800
0 259 799 801
0 260 800 802 2370
0 261 801 803
0 262 802 804
0 263 803 805
0 264 804 806
0 265 805 807
0 266 806 808
0 267 807 809
0 268 808 810
0 269 809 811
0 270 810 812
0 271 811 813
0 272 812 814
0 273 813 815
0 274 814 816
0 275 815 817
0 276 816 818
0 277 817 819
0 278 818 820
0 279 819 821
0 280 820 822
0 281 821 823
0 282 822 824
0 283 823 825
0 284 824 826
0 285 825 827
0 286 826 828
0 287 827 829
0 288 828 830
0 289 829 831
0 290 830 832
0 291 831 833
0 292 832 834
0 293 833 835
0 294 834 836
0 295 835 837
0 296 836 838
0 297 837 839
0 298 838 840
0 299 839 841
0 300 840 842
0 301 841 843
0 302 842 844
0 303 843 845
0 304 844 846
0 305 845 847
0 306 846 848
0 307 847 849
0 308 848 850
0 309 849 851
0 310 850 852
0 311 851 853
0 312 852 854
0 313 853 855
0 314 854 856
0 315 855 857
0 316 856 858
0 317 857 859
0 318 858 860
0 319 859 861
0 320 860 862
0 321 861 863
0 322 862 864
0 323 863 865
0 324 864 866
0 325 865 867
0 326 866 868
0 327 867 869
0 328 868 870
0 329 869 871
0 330 870 872
0 331 871 873
0 332 872 874
0 333 873 875
0 334 874 876
0 335 875 877
0 336 876 878
0 337 877 879
0 338 878 880
0 339 271 879
270 1 270 882
270 2 881 883
270 3 882 884
270 4 883 885
270 5 884 886
270 6 885 887
270 7 886 888
270 8 887 889
270 9 888 890
270 10 889 891
270 11 890 892
270 12 891 893
270 13 892 894
270 14 893 895
270 15 894 896
270 16 895 897
270 17 896 898
270 18 897 899
270 19 898 900
270 20 899 901
270 21 900 902
270 22 901 903
270 23 902 904
270 24 903 905
270 25 904 906
270 26 905 907
270 27 906 908
270 28 907 909
270 29 908 910
270 30 909 911
270 31 910 912
270 32 911 913
270 33 912 914
270 34 913 915
270 35 914 916
270 36 915 917
270 37 916 918
270 38 917 919
270 39 918 920
270 40 919 921
270 41 920 922
270 42 921 923
270 43 922 924
270 44 923 925
270 45 924 926
270 46 925 927
270 47 926 928
270 48 927 929
270 49 928 930
270 50 929 931
270 51 930 932
270 52 931 933
270 53 932 934
270 54 933 935
270 55 934 936
270 56 935 937
270 57 936 938
270 58 937 939
270 59 938 940
270 60 939 941 1665
270 61 940 942
270 62 941 943
270 63 942 944
270 64 943 945
270 65 944 946
270 66 945 947
270 67 946 948
270 68 947 949
270 69 948 950
270 70 949 951
270 71 950 952
270 72 951 953
270 73 952 954
270 74 953 955
270 75 954 956
270 76 955 957
270 77 956 958
270 78 957 959
270 79 958 960
270 80 959 961
270 81 960 962
270 82 961 963
270 83 962 964
270 84 963 965
270 85 964 966
270 86 965 967
270 87 966 968
270 88 967 969
270 89 968 970
270 90 969 971
270 91 970 972
270 92 971 973
270 93 972 974
270 94 973 975
270 95 974 976
270 96 975 977
270 97 976 978
270 98 977 979
270 99 978 980
270 100 979 981
270 101 980 982
270 102 981 983
270 103 982 984
270 104 983 985
270 105 984 986
270 106 985 987
270 107 986 988
270 108 987 989
270 109 988 990
270 110 989 991
270 111 990 992
270 112 991 993
270 113 992 994
270 114 993 995
270 115 994 996
270 116 995 997
270 117 996 998
270 118 997 999
270 119 998 1000
270 120 999 1001
270 121 1000 1002
270 122 1001 1003
270 123 1002 1004
270 124 1003 1005
270 125 1004 1006
270 126 1005 1007
270 127 1006 1008
270 128 1007 1009
270 129 1008 1010
270 130 1009 1011
270 131 1010 1012
270 132 1011 1013
270 133 1012 1014
270 134 1013 1015
270 135 1014 1016
270 136 1015 1017
270 137 1016 1018
270 138 1017 1019
270 139 1018 1020
270 140 1019 1021
270 141 1020 1022
270 142 1021 1023
270 143 1022 1024
270 144 1023 1025
270 145 1024 1026
270 146 1025 1027
270 147 1026 1028
270 148 1027 1029
270 149 1028 1030
270 150 1029 1031
270 151 1030 1032
270 152 1031 1033
270 153 1032 1034
270 154 1033 1035
270 155 1034 1036
270 156 1035 1037
270 157 1036 1038
270 158 1037 1039
270 159 1038 1040
270 160 1039 1041
270 161 1040 1042
270 162 1041 1043
270 163 1042 1044
270 164 1043 1045
270 165 1044 1046
270 166 1045 1047
270 167 1046 1048
270 168 1047 1049
270 169 1048 1050
270 170 1049 1051
270 171 1050 1052
270 172 1051 1053
270 173 1052 1054
270 174 1053 1055
270 175 1054 1056
270 176 1055 1057
270 177 1056 1058
270 178 1057 1059
270 179 1058 1060
270 180 1059 1061
270 181 1060 1062
270 182 1061 1063
270 183 1062 1064
270 184 1063 1065
270 185 1064 1066
270 186 1065 1067
270 187 1066 1068
270 188 1067 1069
270 189 1068 1070
270 190 1069 1071
270 191 1070 1072
270 192 1071 1073
270 193 1072 1074
270 194 1073 1075
270 195 1074 1076
270 196 1075 1077
270 197 1076 1078
270 198 1077 1079
270 199 1078 1080
270 200 1079 1081
270 201 1080 1082
270 202 1081 1083
270 203 1082 1084
270 204 1083 1085
270 205 1084 1086
270 206 1085 1087
270 207 1086 1088
270 208 1087 1089
270 209 1088 1090
270 210 1089 1091
270 211 1090 1092
270 212 1091 1093
270 213 1092 1094
270 214 1093 1095
270 215 1094 1096
270 216 1095 1097
270 217 1096 1098
270 218 1097 1099
270 219 1098 1100
270 220 1099 1101
270 221 1100 1102
270 222 1101 1103
270 223 1102 1104
270 224 1103 1105
270 225 1104 1106
270 226 1105 1107
270 227 1106 1108
270 228 1107 1109
270 229 1108 1110
270 230 1109 1111
270 231 1110 1112
270 232 1111 1113
270 233 1112 1114
270 234 1113 1115
270 235 1114 1116
270 236 1115 1117
270 237 1116 1118
270 238 1117 1119
270 239 1118 1120
270 240 1119 1121
270 241 1120 1122
270 242 1121 1123
270 243 1122 1124
270 244 1123 1125
270 245 1124 1126
270 246 1125 1127
270 247 1126 1128
270 248 1127 1129
270 249 1128 1130
270 250 1129 1131
270 251 1130 1132
270 252 1131 1133
270 253 1132 1134
270 254 1133 1135
270 255 1134 1136
270 256 1135 1137
270 257 1136 1138
270 258 1137 1139
270 259 1138 1140
270 260 1139 1141 3426
270 261 1140 1142
270 262 1141 1143
270 263 1142 1144
270 264 1143 1145
270 265 1144 1146
270 266 1145 1147
270 267 1146 1148
270 268 1147 1149
270 269 1148 1150
270 270 1149 1151
270 271 1150 1152
270 272 1151 1153
270 273 1152 1154
270 274 1153 1155
270 275 1154 1156
270 276 1155 1157
270 277 1156 1158
270 278 1157 1159
270 279 1158 1160
270 280 1159 1161
270 281 1160 1162
270 282 1161 1163
270 283 1162 1164
270 284 1163 1165
270 285 1164 1166
270 286 1165 1167
270 287 1166 1168
270 288 1167 1169
270 289 1168 1170
270 290 1169 1171
270 291 1170 1172
270 292 1171 1173
270 293 1172 1174
270 294 1173 1175
270 295 1174 1176
270 296 1175 1177
270 297 1176 1178
270 298 1177 1179
270 299 1178 1180
270 300 1179 1181
270 301 1180 1182
270 302 1181 1183
270 303 1182 1184
270 304 1183 1185
270 305 1184 1186
270 306 1185 1187
270 307 1186 1188
270 308 1187 1189
270 309 1188 1190
270 310 1189 1191
270 311 1190 1192
270 312 1191 1193
270 313 1192 1194
270 314 1193 1195
270 315 1194 1196
270 316 1195 1197
270 317 1196 1198
270 318 1197 1199
270 319 1198 1200
270 320 1199 1201
270 321 1200 1202
270 322 1201 1203
270 323 1202 1204
270 324 1203 1205
270 325 1204 1206
270 326 1205 1207
270 327 1206 1208
270 328 1207 1209
270 329 1208 1210
270 330 1209 1211
270 331 1210 1212
270 332 1211 1213
270 333 1212 1214
270 334 1213 1215
270 335 1214 1216
270 336 1215 1217
270 337 1216 1218
270 338 1217 1219
270 339 541 1218
1 40 581 1221
2 40 1220 1222
3 40 1221 1223
4 40 1222 1224
5 40 1223 1225
6 40 1224 1226
7 40 1225 1227
8 40 1226 1228
9 40 1227 1229
10 40 1228 1230
11 40 1229 1231
12 40 1230 1232
13 40 1231 1233
14 40 1232 1234
15 40 1233 1235
16 40 1234 1236
17 40 1235 1237
18 40 1236 1238
19 40 1237 1239
20 40 1238 1240
21 40 1239 1241
22 40 1240 1242
23 40 1241 1243
24 40 1242 1244
25 40 1243 1245
26 40 1244 1246
27 40 1245 1247
28 40 1246 1248
29 40 1247 1249
30 40 1248 1250
31 40 1249 1251
32 40 1250 1252
33 40 1251 1253
34 40 1252 1254
35 40 1253 1255
36 40 1254 1256
37 40 1255 1257
38 40 1256 1258
39 40 1257 1259
40 40 1258 1260
41 40 1259 1261
42 40 1260 1262
43 40 1261 1263
44 40 1262 1264
45 40 1263 1265
46 40 1264 1266
47 40 1265 1267
48 40 1266 1268
49 40 1267 1269
50 40 1268 1308 1755
50 1 50 1271
50 2 1270 1272
50 3 1271 1273
50 4 1272 1274
50 5 1273 1275
50 6 1274 1276
50 7 1275 1277
50 8 1276 1278
50 9 1277 1279
50 10 1278 1280
50 11 1279 1281
50 12 1280 1282
50 13 1281 1283
50 14 1282 1284
50 15 1283 1285
50 16 1284 1286
50 17 1285 1287
50 18 1286 1288
50 19 1287 1289
50 20 1288 1290 1309
50 21 1289 1291
50 22 1290 1292
50 23 1291 1293
50 24 1292 1294
50 25 1293 1295
50 26 1294 1296
50 27 1295 1297
50 28 1296 1298
50 29 1297 1299
50 30 1298 1300
50 31 1299 1301
50 32 1300 1302
50 33 1301 1303
50 34 1302 1304
50 35 1303 1305
50 36 1304 1306
50 37 1305 1307
50 38 1306 1308
50 39 1269 1307
51 20 1289 1310
52 20 1309 1311
53 20 1310 1312
54 20 1311 1313
55 20 1312 1314
56 20 1313 1315
57 20 1314 1316
58 20 1315 1317
59 20 1316 1318
60 20 1317 1319
61 20 1318 1320
62 20 1319 1321
63 20 1320 1322
64 20 1321 1323
65 20 1322 1324
66 20 1323 1325
67 20 1324 1326
68 20 1325 1327
69 20 1326 1328
70 20 1327 1329
71 20 1328 1330
72 20 1329 1331
73 20 1330 1332
74 20 1331 1333
75 20 1332 1334
76 20 1333 1335
77 20 1334 1336
78 20 1335 1337
79 20 1336 1338
80 20 1337 1339
81 20 1338 1340
82 20 1339 1341
83 20 1340 1342
84 20 1341 1343
85 20 1342 1344
86 20 1343 1345
87 20 1344 1346
88 20 1345 1347
89 20 1346 1348
90 20 1347 1349
91 20 1348 1350
92 20 1349 1351
93 20 1350 1352
94 20 1351 1353
95 20 1352 1354
96 20 1353 1355
97 20 1354 1356
98 20 1355 1357
99 20 1356 1358
100 20 1357 1377 1449
100 1 100 1360
100 2 1359 1361
100 3 1360 1362
100 4 1361 1363
100 5 1362 1364
100 6 1363 1365
100 7 1364 1366
100 8 1365 1367
100 9 1366 1368
100 10 1367 1369
100 11 1368 1370
100 12 1369 1371
100 13 1370 1372
100 14 1371 1373
100 15 1372 1374
100 16 1373 1375
100 17 1374 1376
100 18 1375 1377
100 19 1358 1376
100 60 1379 1487 1884
101 60 1378 1380
102 60 1379 1381
103 60 1380 1382
104 60 1381 1383
105 60 1382 1384
106 60 1383 1385
107 60 1384 1386
108 60 1385 1387
109 60 1386 1388
110 60 1387 1389
111 60 1388 1390
112 60 1389 1391
113 60 1390 1392
114 60 1391 1393
115 60 1392 1394
116 60 1393 1395
117 60 1394 1396
118 60 1395 1397
119 60 1396 1398
120 60 1397 1399
121 60 1398 1400
122 60 1399 1401
123 60 1400 1402
124 60 1401 1403
125 60 1402 1404
126 60 1403 1405
127 60 1404 1406
128 60 1405 1407
129 60 1406 1408
130 60 1407 1409
131 60 1408 1410
132 60 1409 1411
133 60 1410 1412
134 60 1411 1413
135 60 1412 1414
136 60 1413 1415
137 60 1414 1416
138 60 1415 1417
139 60 1416 1418
140 60 1417 1419
141 60 1418 1420
142 60 1419 1421
143 60 1420 1422
144 60 1421 1423
145 60 1422 1424
146 60 1423 1425
147 60 1424 1426
148 60 1425 1427
149 60 1426 1428
150 60 1427 1429
151 60 1428 1430
152 60 1429 1431
153 60 1430 1432
154 60 1431 1433
155 60 1432 1434
156 60 1433 1435
157 60 1434 1436
158 60 1435 1437
159 60 1436 1438
160 60 1437 1439
161 60 1438 1440
162 60 1439 1441
163 60 1440 1442
164 60 1441 1443
165 60 1442 1444
166 60 1443 1445
167 60 1444 1446
168 60 1445 1447
169 60 1446 1448
170 60 1447 1546 2013 2072
100 21 1358 1450
100 22 1449 1451
100 23 1450 1452
100 24 1451 1453
100 25 1452 1454
100 26 1453 1455
100 27 1454 1456
100 28 1455 1457
100 29 1456 1458
100 30 1457 1459
100 31 1458 1460
100 32 1459 1461
100 33 1460 1462
100 34 1461 1463
100 35 1462 1464
100 36 1463 1465
100 37 1464 1466
100 38 1465 1467
100 39 1466 1468
100 40 1467 1469
100 41 1468 1470
100 42 1469 1471
100 43 1470 1472
100 44 1471 1473
100 45 1472 1474
100 46 1473 1475
100 47 1474 1476
100 48 1475 1477
100 49 1476 1478
100 50 1477 1479
100 51 1478 1480
100 52 1479 1481
100 53 1480 1482
100 54 1481 1483
100 55 1482 1484
100 56 1483 1485
100 57 1484 1486
100 58 1485 1487
100 59 1378 1486
170 1 170 1489
170 2 1488 1490
170 3 1489 1491
170 4 1490 1492
170 5 1491 1493
170 6 1492 1494
170 7 1493 1495
170 8 1494 1496
170 9 1495 1497
170 10 1496 1498
170 11 1497 1499
170 12 1498 1500
170 13 1499 1501
170 14 1500 1502
170 15 1501 1503
170 16 1502 1504
170 17 1503 1505
170 18 1504 1506
170 19 1505 1507
170 20 1506 1508 1547
170 21 1507 1509
170 22 1508 1510
170 23 1509 1511
170 24 1510 1512
170 25 1511 1513
170 26 1512 1514
170 27 1513 1515
170 28 1514 1516
170 29 1515 1517
170 30 1516 1518
170 31 1517 1519
170 32 1518 1520
170 33 1519 1521
170 34 1520 1522
170 35 1521 1523
170 36 1522 1524
170 37 1523 1525
170 38 1524 1526
170 39 1525 1527
170 40 1526 1528
170 41 1527 1529
170 42 1528 1530
170 43 1529 1531
170 44 1530 1532
170 45 1531 1533
170 46 1532 1534
170 47 1533 1535
170 48 1534 1536
170 49 1535 1537
170 50 1536 1538
170 51 1537 1539
170 52 1538 1540
170 53 1539 1541
170 54 1540 1542
170 55 1541 1543
170 56 1542 1544
170 57 1543 1545
170 58 1544 1546
170 59 1448 1545
171 20 1507 1548
172 20 1547 1549
173 20 1548 1550
174 20 1549 1551
175 20 1550 1552
176 20 1551 1553
177 20 1552 1554
178 20 1553 1555
179 20 1554 1556
180 20 1555 1557
181 20 1556 1558
182 20 1557 1559
183 20 1558 1560
184 20 1559 1561
185 20 1560 1562
186 20 1561 1563
187 20 1562 1564
188 20 1563 1565
189 20 1564 1566
190 20 1565 1567
191 20 1566 1568
192 20 1567 1569
193 20 1568 1570
194 20 1569 1571
195 20 1570 1572
196 20 1571 1573
197 20 1572 1574
198 20 1573 1575
199 20 1574 1576
200 20 1575 1577
201 20 1576 1578
202 20 1577 1579
203 20 1578 1580
204 20 1579 1581
205 20 1580 1582
206 20 1581 1583
207 20 1582 1584
208 20 1583 1585
209 20 1584 1586
210 20 1585 1587
211 20 1586 1588
212 20 1587 1589
213 20 1588 1590
214 20 1589 1591
215 20 1590 1592
216 20 1591 1593
217 20 1592 1594
218 20 1593 1595
219 20 1594 1596
220 20 1595 1597
221 20 1596 1598
222 20 1597 1599
223 20 1598 1600
224 20 1599 1601
225 20 1600 1602
226 20 1601 1603
227 20 1602 1604
228 20 1603 1605
229 20 1604 1606
230 20 1605 1625 1666
230 1 230 1608
230 2 1607 1609
230 3 1608 1610
230 4 1609 1611
230 5 1610 1612
230 6 1611 1613
230 7 1612 1614
230 8 1613 1615
230 9 1614 1616
230 10 1615 1617
230 11 1616 1618
230 12 1617 1619
230 13 1618 1620
230 14 1619 1621
230 15 1620 1622
230 16 1621 1623
230 17 1622 1624
230 18 1623 1625
230 19 1606 1624
230 60 1627 1704 2130 2251
231 60 1626 1628
232 60 1627 1629
233 60 1628 1630
234 60 1629 1631
235 60 1630 1632
236 60 1631 1633
237 60 1632 1634
238 60 1633 1635
239 60 1634 1636
240 60 1635 1637
241 60 1636 1638
242 60 1637 1639
243 60 1638 1640
244 60 1639 1641
245 60 1640 1642
246 60 1641 1643
247 60 1642 1644
248 60 1643 1645
249 60 1644 1646
250 60 1645 1647 3209
251 60 1646 1648
252 60 1647 1649
253 60 1648 1650
254 60 1649 1651
255 60 1650 1652
256 60 1651 1653
257 60 1652 1654
258 60 1653 1655
259 60 1654 1656
260 60 1655 1657
261 60 1656 1658
262 60 1657 1659
263 60 1658 1660
264 60 1659 1661
265 60 1660 1662
266 60 1661 1663
267 60 1662 1664
268 60 1663 1665
269 60 940 1664
230 21 1606 1667
230 22 1666 1668
230 23 1667 1669
230 24 1668 1670
230 25 1669 1671
230 26 1670 1672
230 27 1671 1673
230 28 1672 1674
230 29 1673 1675
230 30 1674 1676
230 31 1675 1677
230 32 1676 1678
230 33 1677 1679
230 34 1678 1680
230 35 1679 1681
230 36 1680 1682
230 37 1681 1683
230 38 1682 1684
230 39 1683 1685
230 40 1684 1686
230 41 1685 1687
230 42 1686 1688
230 43 1687 1689
230 44 1688 1690
230 45 1689 1691
230 46 1690 1692
230 47 1691 1693
230 48 1692 1694
230 49 1693 1695
230 50 1694 1696
230 51 1695 1697
230 52 1696 1698
230 53 1697 1699
230 54 1698 1700
230 55 1699 1701
230 56 1700 1702
230 57 1701 1703
230 58 1702 1704
230 59 1626 1703
1 120 661 1706
2 120 1705 1707
3 120 1706 1708
4 120 1707 1709
5 120 1708 1710
6 120 1709 1711
7 120 1710 1712
8 120 1711 1713
9 120 1712 1714
10 120 1713 1715
11 120 1714 1716
12 120 1715 1717
13 120 1716 1718
14 120 1717 1719
15 120 1718 1720 2385
16 120 1719 1721
17 120 1720 1722
18 120 1721 1723
19 120 1722 1724
20 120 1723 1725
21 120 1724 1726
22 120 1725 1727
23 120 1726 1728
24 120 1727 1729
25 120 1728 1730
26 120 1729 1731
27 120 1730 1732
28 120 1731 1733
29 120 1732 1734
30 120 1733 1735
31 120 1734 1736
32 120 1735 1737
33 120 1736 1738
34 120 1737 1739
35 120 1738 1740
36 120 1739 1741
37 120 1740 1742
38 120 1741 1743
39 120 1742 1744
40 120 1743 1745
41 120 1744 1746
42 120 1745 1747
43 120 1746 1748
44 120 1747 1749
45 120 1748 1750
46 120 1749 1751
47 120 1750 1752
48 120 1751 1753
49 120 1752 1754
50 120 1753 1833 1834
50 41 1269 1756
50 42 1755 1757
50 43 1756 1758
50 44 1757 1759
50 45 1758 1760
50 46 1759 1761
50 47 1760 1762
50 48 1761 1763
50 49 1762 1764
50 50 1763 1765
50 51 1764 1766
50 52 1765 1767
50 53 1766 1768
50 54 1767 1769
50 55 1768 1770
50 56 1769 1771
50 57 1770 1772
50 58 1771 1773
50 59 1772 1774
50 60 1773 1775
50 61 1774 1776
50 62 1775 1777
50 63 1776 1778
50 64 1777 1779
50 65 1778 1780
50 66 1779 1781
50 67 1780 1782
50 68 1781 1783
50 69 1782 1784
50 70 1783 1785
50 71 1784 1786
50 72 1785 1787
50 73 1786 1788
50 74 1787 1789
50 75 1788 1790
50 76 1789 1791
50 77 1790 1792
50 78 1791 1793
50 79 1792 1794
50 80 1793 1795
50 81 1794 1796
50 82 1795 1797
50 83 1796 1798
50 84 1797 1799
50 85 1798 1800
50 86 1799 1801
50 87 1800 1802
50 88 1801 1803
50 89 1802 1804
50 90 1803 1805
50 91 1804 1806
50 92 1805 1807
50 93 1806 1808
50 94 1807 1809
50 95 1808 1810
50 96 1809 1811
50 97 1810 1812
50 98 1811 1813
50 99 1812 1814
50 100 1813 1815
50 101 1814 1816
50 102 1815 1817
50 103 1816 1818
50 104 1817 1819
50 105 1818 1820
50 106 1819 1821
50 107 1820 1822
50 108 1821 1823
50 109 1822 1824
50 110 1823 1825
50 111 1824 1826
50 112 1825 1827
50 113 1826 1828
50 114 1827 1829
50 115 1828 1830
50 116 1829 1831
50 117 1830 1832
50 118 1831 1833
50 119 1754 1832
51 120 1754 1835
52 120 1834 1836
53 120 1835 1837
54 120 1836 1838
55 120 1837 1839
56 120 1838 1840
57 120 1839 1841
58 120 1840 1842
59 120 1841 1843
60 120 1842 1844
61 120 1843 1845
62 120 1844 1846
63 120 1845 1847
64 120 1846 1848
65 120 1847 1849
66 120 1848 1850
67 120 1849 1851
68 120 1850 1852
69 120 1851 1853
70 120 1852 1854
71 120 1853 1855
72 120 1854 1856
73 120 1855 1857
74 120 1856 1858
75 120 1857 1859
76 120 1858 1860
77 120 1859 1861
78 120 1860 1862
79 120 1861 1863
80 120 1862 1864
81 120 1863 1865
82 120 1864 1866
83 120 1865 1867
84 120 1866 1868
85 120 1867 1869
86 120 1868 1870
87 120 1869 1871
88 120 1870 1872
89 120 1871 1873
90 120 1872 1874
91 120 1873 1875
92 120 1874 1876
93 120 1875 1877
94 120 1876 1878
95 120 1877 1879
96 120 1878 1880
97 120 1879 1881
98 120 1880 1882
99 120 1881 1883
100 120 1882 1942 1943 2609
100 61 1378 1885
100 62 1884 1886
100 63 1885 1887
100 64 1886 1888
100 65 1887 1889
100 66 1888 1890
100 67 1889 1891
100 68 1890 1892
100 69 1891 1893
100 70 1892 1894
100 71 1893 1895
100 72 1894 1896
100 73 1895 1897
100 74 1896 1898
100 75 1897 1899
100 76 1898 1900
100 77 1899 1901
100 78 1900 1902
100 79 1901 1903
100 80 1902 1904
100 81 1903 1905
100 82 1904 1906
100 83 1905 1907
100 84 1906 1908
100 85 1907 1909
100 86 1908 1910
100 87 1909 1911
100 88 1910 1912
100 89 1911 1913
100 90 1912 1914
100 91 1913 1915
100 92 1914 1916
100 93 1915 1917
100 94 1916 1918
100 95 1917 1919
100 96 1918 1920
100 97 1919 1921
100 98 1920 1922
100 99 1921 1923
100 100 1922 1924
100 101 1923 1925
100 102 1924 1926
100 103 1925 1927
100 104 1926 1928
100 105 1927 1929
100 106 1928 1930
100 107 1929 1931
100 108 1930 1932
100 109 1931 1933
100 110 1932 1934
100 111 1933 1935
100 112 1934 1936
100 113 1935 1937
100 114 1936 1938
100 115 1937 1939
100 116 1938 1940
100 117 1939 1941
100 118 1940 1942
100 119 1883 1941
101 120 1883 1944
102 120 1943 1945
103 120 1944 1946
104 120 1945 1947
105 120 1946 1948
106 120 1947 1949
107 120 1948 1950
108 120 1949 1951
109 120 1950 1952
110 120 1951 1953
111 120 1952 1954
112 120 1953 1955
113 120 1954 1956
114 120 1955 1957
115 120 1956 1958
116 120 1957 1959
117 120 1958 1960
118 120 1959 1961
119 120 1960 1962
120 120 1961 1963
121 120 1962 1964
122 120 1963 1965
123 120 1964 1966
124 120 1965 1967
125 120 1966 1968
126 120 1967 1969
127 120 1968 1970
128 120 1969 1971
129 120 1970 1972
130 120 1971 1973
131 120 1972 1974
132 120 1973 1975
133 120 1974 1976
134 120 1975 1977
135 120 1976 1978
136 120 1977 1979
137 120 1978 1980
138 120 1979 1981
139 120 1980 1982
140 120 1981 1983
141 120 1982 1984
142 120 1983 1985
143 120 1984 1986
144 120 1985 1987
145 120 1986 1988
146 120 1987 1989
147 120 1988 1990
148 120 1989 1991
149 120 1990 1992
150 120 1991 1993
151 120 1992 1994
152 120 1993 1995
153 120 1994 1996
154 120 1995 1997
155 120 1996 1998
156 120 1997 1999
157 120 1998 2000
158 120 1999 2001
159 120 2000 2002
160 120 2001 2003
161 120 2002 2004
162 120 2003 2005
163 120 2004 2006
164 120 2005 2007
165 120 2006 2008
166 120 2007 2009
167 120 2008 2010
168 120 2009 2011
169 120 2010 2012
170 120 2011 2071 2192
170 61 1448 2014
170 62 2013 2015
170 63 2014 2016
170 64 2015 2017
170 65 2016 2018
170 66 2017 2019
170 67 2018 2020
170 68 2019 2021
170 69 2020 2022
170 70 2021 2023
170 71 2022 2024
170 72 2023 2025
170 73 2024 2026
170 74 2025 2027
170 75 2026 2028
170 76 2027 2029
170 77 2028 2030
170 78 2029 2031
170 79 2030 2032
170 80 2031 2033
170 81 2032 2034
170 82 2033 2035
170 83 2034 2036
170 84 2035 2037
170 85 2036 2038
170 86 2037 2039
170 87 2038 2040
170 88 2039 2041
170 89 2040 2042
170 90 2041 2043
170 91 2042 2044
170 92 2043 2045
170 93 2044 2046
170 94 2045 2047
170 95 2046 2048
170 96 2047 2049
170 97 2048 2050
170 98 2049 2051
170 99 2050 2052
170 100 2051 2053
170 101 2052 2054
170 102 2053 2055
170 103 2054 2056
170 104 2055 2057
170 105 2056 2058
170 106 2057 2059
170 107 2058 2060
170 108 2059 2061
170 109 2060 2062
170 110 2061 2063
170 111 2062 2064
170 112 2063 2065
170 113 2064 2066
170 114 2065 2067
170 115 2066 2068
170 116 2067 2069
170 117 2068 2070
170 118 2069 2071
170 119 2012 2070
171 60 1448 2073
172 60 2072 2074
173 60 2073 2075
174 60 2074 2076
175 60 2075 2077
176 60 2076 2078
177 60 2077 2079
178 60 2078 2080
179 60 2079 2081
180 60 2080 2082
181 60 2081 2083
182 60 2082 2084
183 60 2083 2085
184 60 2084 2086
185 60 2085 2087
186 60 2086 2088
187 60 2087 2089
188 60 2088 2090
189 60 2089 2091
190 60 2090 2092
191 60 2091 2093
192 60 2092 2094
193 60 2093 2095
194 60 2094 2096
195 60 2095 2097
196 60 2096 2098
197 60 2097 2099
198 60 2098 2100
199 60 2099 2101
200 60 2100 2102
201 60 2101 2103
202 60 2102 2104
203 60 2103 2105
204 60 2104 2106
205 60 2105 2107
206 60 2106 2108
207 60 2107 2109
208 60 2108 2110
209 60 2109 2111
210 60 2110 2112
211 60 2111 2113
212 60 2112 2114
213 60 2113 2115
214 60 2114 2116
215 60 2115 2117
216 60 2116 2118
217 60 2117 2119
218 60 2118 2120
219 60 2119 2121
220 60 2120 2122
221 60 2121 2123
222 60 2122 2124
223 60 2123 2125
224 60 2124 2126
225 60 2125 2127
226 60 2126 2128
227 60 2127 2129
228 60 2128 2130
229 60 1626 2129
170 180 2132 2250 2900 2971
171 180 2131 2133
172 180 2132 2134
173 180 2133 2135
174 180 2134 2136
175 180 2135 2137
176 180 2136 2138
177 180 2137 2139
178 180 2138 2140
179 180 2139 2141
180 180 2140 2142
181 180 2141 2143
182 180 2142 2144
183 180 2143 2145
184 180 2144 2146
185 180 2145 2147
186 180 2146 2148
187 180 2147 2149
188 180 2148 2150
189 180 2149 2151
190 180 2150 2152
191 180 2151 2153
192 180 2152 2154
193 180 2153 2155
194 180 2154 2156
195 180 2155 2157
196 180 2156 2158
197 180 2157 2159
198 180 2158 2160
199 180 2159 2161
200 180 2160 2162
201 180 2161 2163
202 180 2162 2164
203 180 2163 2165
204 180 2164 2166
205 180 2165 2167
206 180 2166 2168
207 180 2167 2169
208 180 2168 2170
209 180 2169 2171
210 180 2170 2172
211 180 2171 2173
212 180 2172 2174
213 180 2173 2175
214 180 2174 2176
215 180 2175 2177
216 180 2176 2178
217 180 2177 2179
218 180 2178 2180
219 180 2179 2181
220 180 2180 2182
221 180 2181 2183
222 180 2182 2184
223 180 2183 2185
224 180 2184 2186
225 180 2185 2187
226 180 2186 2188
227 180 2187 2189
228 180 2188 2190
229 180 2189 2191
230 180 2190 2369 3110
170 121 2012 2193
170 122 2192 2194
170 123 2193 2195
170 124 2194 2196
170 125 2195 2197
170 126 2196 2198
170 127 2197 2199
170 128 2198 2200
170 129 2199 2201
170 130 2200 2202
170 131 2201 2203
170 132 2202 2204
170 133 2203 2205
170 134 2204 2206
170 135 2205 2207
170 136 2206 2208
170 137 2207 2209
170 138 2208 2210
170 139 2209 2211
170 140 2210 2212
170 141 2211 2213
170 142 2212 2214
170 143 2213 2215
170 144 2214 2216
170 145 2215 2217
170 146 2216 2218
170 147 2217 2219
170 148 2218 2220
170 149 2219 2221
170 150 2220 2222
170 151 2221 2223
170 152 2222 2224
170 153 2223 2225
170 154 2224 2226
170 155 2225 2227
170 156 2226 2228
170 157 2227 2229
170 158 2228 2230
170 159 2229 2231
170 160 2230 2232
170 161 2231 2233
170 162 2232 2234
170 163 2233 2235
170 164 2234 2236
170 165 2235 2237
170 166 2236 2238
170 167 2237 2239
170 168 2238 2240
170 169 2239 2241
170 170 2240 2242
170 171 2241 2243
170 172 2242 2244
170 173 2243 2245
170 174 2244 2246
170 175 2245 2247
170 176 2246 2248
170 177 2247 2249
170 178 2248 2250
170 179 2131 2249
230 61 1626 2252
230 62 2251 2253
230 63 2252 2254
230 64 2253 2255
230 65 2254 2256
230 66 2255 2257
230 67 2256 2258
230 68 2257 2259
230 69 2258 2260
230 70 2259 2261
230 71 2260 2262
230 72 2261 2263
230 73 2262 2264
230 74 2263 2265
230 75 2264 2266
230 76 2265 2267
230 77 2266 2268
230 78 2267 2269
230 79 2268 2270
230 80 2269 2271
230 81 2270 2272
230 82 2271 2273
230 83 2272 2274
230 84 2273 2275
230 85 2274 2276
230 86 2275 2277
230 87 2276 2278
230 88 2277 2279
230 89 2278 2280
230 90 2279 2281
230 91 2280 2282
230 92 2281 2283
230 93 2282 2284
230 94 2283 2285
230 95 2284 2286
230 96 2285 2287
230 97 2286 2288
230 98 2287 2289
230 99 2288 2290
230 100 2289 2291
230 101 2290 2292
230 102 2291 2293
230 103 2292 2294
230 104 2293 2295
230 105 2294 2296
230 106 2295 2297
230 107 2296 2298
230 108 2297 2299
230 109 2298 2300
230 110 2299 2301
230 111 2300 2302
230 112 2301 2303
230 113 2302 2304
230 114 2303 2305
230 115 2304 2306
230 116 2305 2307
230 117 2306 2308
230 118 2307 2309
230 119 2308 2310
230 120 2309 2311
230 121 2310 2312
230 122 2311 2313
230 123 2312 2314
230 124 2313 2315
230 125 2314 2316
230 126 2315 2317
230 127 2316 2318
230 128 2317 2319
230 129 2318 2320
230 130 2319 2321
230 131 2320 2322
230 132 2321 2323
230 133 2322 2324
230 134 2323 2325
230 135 2324 2326
230 136 2325 2327
230 137 2326 2328
230 138 2327 2329
230 139 2328 2330
230 140 2329 2331
230 141 2330 2332
230 142 2331 2333
230 143 2332 2334
230 144 2333 2335
230 145 2334 2336
230 146 2335 2337
230 147 2336 2338
230 148 2337 2339
230 149 2338 2340
230 150 2339 2341
230 151 2340 2342
230 152 2341 2343
230 153 2342 2344
230 154 2343 2345
230 155 2344 2346
230 156 2345 2347
230 157 2346 2348
230 158 2347 2349
230 159 2348 2350
230 160 2349 2351
230 161 2350 2352
230 162 2351 2353
230 163 2352 2354
230 164 2353 2355
230 165 2354 2356
230 166 2355 2357
230 167 2356 2358
230 168 2357 2359
230 169 2358 2360
230 170 2359 2361
230 171 2360 2362
230 172 2361 2363
230 173 2362 2364
230 174 2363 2365
230 175 2364 2366
230 176 2365 2367
230 177 2366 2368
230 178 2367 2369
230 179 2191 2368
1 260 801 2371
2 260 2370 2372
3 260 2371 2373
4 260 2372 2374
5 260 2373 2375
6 260 2374 2376
7 260 2375 2377
8 260 2376 2378
9 260 2377 2379
10 260 2378 2380
11 260 2379 2381
12 260 2380 2382
13 260 2381 2383
14 260 2382 2384
15 260 2383 2523 2668 3427
15 121 1719 2386
15 122 2385 2387
15 123 2386 2388
15 124 2387 2389
15 125 2388 2390
15 126 2389 2391
15 127 2390 2392
15 128 2391 2393
15 129 2392 2394
15 130 2393 2395
15 131 2394 2396
15 132 2395 2397
15 133 2396 2398
15 134 2397 2399
15 135 2398 2400
15 136 2399 2401
15 137 2400 2402
15 138 2401 2403
15 139 2402 2404
15 140 2403 2405
15 141 2404 2406
15 142 2405 2407
15 143 2406 2408
15 144 2407 2409
15 145 2408 2410
15 146 2409 2411
15 147 2410 2412
15 148 2411 2413
15 149 2412 2414
15 150 2413 2415
15 151 2414 2416
15 152 2415 2417
15 153 2416 2418
15 154 2417 2419
15 155 2418 2420
15 156 2419 2421
15 157 2420 2422
15 158 2421 2423
15 159 2422 2424
15 160 2423 2425
15 161 2424 2426
15 162 2425 2427
15 163 2426 2428
15 164 2427 2429
15 165 2428 2430
15 166 2429 2431
15 167 2430 2432
15 168 2431 2433
15 169 2432 2434
15 170 2433 2435
15 171 2434 2436
15 172 2435 2437
15 173 2436 2438
15 174 2437 2439
15 175 2438 2440
15 176 2439 2441
15 177 2440 2442
15 178 2441 2443
15 179 2442 2444
15 180 2443 2445 2524
15 181 2444 2446
15 182 2445 2447
15 183 2446 2448
15 184 2447 2449
15 185 2448 2450
15 186 2449 2451
15 187 2450 2452
15 188 2451 2453
15 189 2452 2454
15 190 2453 2455
15 191 2454 2456
15 192 2455 2457
15 193 2456 2458
15 194 2457 2459
15 195 2458 2460
15 196 2459 2461
15 197 2460 2462
15 198 2461 2463
15 199 2462 2464
15 200 2463 2465
15 201 2464 2466
15 202 2465 2467
15 203 2466 2468
15 204 2467 2469
15 205 2468 2470
15 206 2469 2471
15 207 2470 2472
15 208 2471 2473
15 209 2472 2474
15 210 2473 2475
15 211 2474 2476
15 212 2475 2477
15 213 2476 2478
15 214 2477 2479
15 215 2478 2480
15 216 2479 2481
15 217 2480 2482
15 218 2481 2483
15 219 2482 2484
15 220 2483 2485
15 221 2484 2486
15 222 2485 2487
15 223 2486 2488
15 224 2487 2489
15 225 2488 2490
15 226 2489 2491
15 227 2490 2492
15 228 2491 2493
15 229 2492 2494
15 230 2493 2495
15 231 2494 2496
15 232 2495 2497
15 233 2496 2498
15 234 2497 2499
15 235 2498 2500
15 236 2499 2501
15 237 2500 2502
15 238 2501 2503
15 239 2502 2504
15 240 2503 2505
15 241 2504 2506
15 242 2505 2507
15 243 2506 2508
15 244 2507 2509
15 245 2508 2510
15 246 2509 2511
15 247 2510 2512
15 248 2511 2513
15 249 2512 2514
15 250 2513 2515
15 251 2514 2516
15 252 2515 2517
15 253 2516 2518
15 254 2517 2519
15 255 2518 2520
15 256 2519 2521
15 257 2520 2522
15 258 2521 2523
15 259 2384 2522
16 180 2444 2525
17 180 2524 2526
18 180 2525 2527
19 180 2526 2528
20 180 2527 2529
21 180 2528 2530
22 180 2529 2531
23 180 2530 2532
24 180 2531 2533
25 180 2532 2534
26 180 2533 2535
27 180 2534 2536
28 180 2535 2537
29 180 2536 2538
30 180 2537 2539
31 180 2538 2540
32 180 2539 2541
33 180 2540 2542
34 180 2541 2543
35 180 2542 2544
36 180 2543 2545
37 180 2544 2546
38 180 2545 2547
39 180 2546 2548
40 180 2547 2549
41 180 2548 2550
42 180 2549 2551
43 180 2550 2552
44 180 2551 2553
45 180 2552 2554
46 180 2553 2555
47 180 2554 2556
48 180 2555 2557
49 180 2556 2558
50 180 2557 2559
51 180 2558 2560
52 180 2559 2561
53 180 2560 2562
54 180 2561 2563
55 180 2562 2564
56 180 2563 2565
57 180 2564 2566
58 180 2565 2567
59 180 2566 2568
60 180 2567 2569
61 180 2568 2570
62 180 2569 2571
63 180 2570 2572
64 180 2571 2573
65 180 2572 2574
66 180 2573 2575
67 180 2574 2576
68 180 2575 2577
69 180 2576 2578
70 180 2577 2579
71 180 2578 2580
72 180 2579 2581
73 180 2580 2582
74 180 2581 2583
75 180 2582 2584
76 180 2583 2585
77 180 2584 2586
78 180 2585 2587
79 180 2586 2588
80 180 2587 2589
81 180 2588 2590
82 180 2589 2591
83 180 2590 2592
84 180 2591 2593
85 180 2592 2594
86 180 2593 2595
87 180 2594 2596
88 180 2595 2597
89 180 2596 2598
90 180 2597 2599
91 180 2598 2600
92 180 2599 2601
93 180 2600 2602
94 180 2601 2603
95 180 2602 2604
96 180 2603 2605
97 180 2604 2606
98 180 2605 2607
99 180 2606 2608
100 180 2607 2667 2753 2832
100 121 1883 2610
100 122 2609 2611
100 123 2610 2612
100 124 2611 2613
100 125 2612 2614
100 126 2613 2615
100 127 2614 2616
100 128 2615 2617
100 129 2616 2618
100 130 2617 2619
100 131 2618 2620
100 132 2619 2621
100 133 2620 2622
100 134 2621 2623
100 135 2622 2624
100 136 2623 2625
100 137 2624 2626
100 138 2625 2627
100 139 2626 2628
100 140 2627 2629
100 141 2628 2630
100 142 2629 2631
100 143 2630 2632
100 144 2631 2633
100 145 2632 2634
100 146 2633 2635
100 147 2634 2636
100 148 2635 2637
100 149 2636 2638
100 150 2637 2639
100 151 2638 2640
100 152 2639 2641
100 153 2640 2642
100 154 2641 2643
100 155 2642 2644
100 156 2643 2645
100 157 2644 2646
100 158 2645 2647
100 159 2646 2648
100 160 2647 2649
100 161 2648 2650
100 162 2649 2651
100 163 2650 2652
100 164 2651 2653
100 165 2652 2654
100 166 2653 2655
100 167 2654 2656
100 168 2655 2657
100 169 2656 2658
100 170 2657 2659
100 171 2658 2660
100 172 2659 2661
100 173 2660 2662
100 174 2661 2663
100 175 2662 2664
100 176 2663 2665
100 177 2664 2666
100 178 2665 2667
100 179 2608 2666
16 260 2384 2669
17 260 2668 2670
18 260 2669 2671
19 260 2670 2672
20 260 2671 2673
21 260 2672 2674
22 260 2673 2675
23 260 2674 2676
24 260 2675 2677
25 260 2676 2678
26 260 2677 2679
27 260 2678 2680
28 260 2679 2681
29 260 2680 2682
30 260 2681 2683
31 260 2682 2684
32 260 2683 2685
33 260 2684 2686
34 260 2685 2687
35 260 2686 2688
36 260 2687 2689
37 260 2688 2690
38 260 2689 2691
39 260 2690 2692
40 260 2691 2693
41 260 2692 2694
42 260 2693 2695
43 260 2694 2696
44 260 2695 2697
45 260 2696 2698
46 260 2697 2699
47 260 2698 2700
48 260 2699 2701
49 260 2700 2702
50 260 2701 2703 3541
51 260 2702 2704
52 260 2703 2705
53 260 2704 2706
54 260 2705 2707
55 260 2706 2708
56 260 2707 2709
57 260 2708 2710
58 260 2709 2711
59 260 2710 2712
60 260 2711 2713
61 260 2712 2714
62 260 2713 2715
63 260 2714 2716
64 260 2715 2717
65 260 2716 2718
66 260 2717 2719
67 260 2718 2720
68 260 2719 2721
69 260 2720 2722
70 260 2721 2723
71 260 2722 2724
72 260 2723 2725
73 260 2724 2726
74 260 2725 2727
75 260 2726 2728
76 260 2727 2729
77 260 2728 2730
78 260 2729 2731
79 260 2730 2732
80 260 2731 2733
81 260 2732 2734
82 260 2733 2735
83 260 2734 2736
84 260 2735 2737
85 260 2736 2738
86 260 2737 2739
87 260 2738 2740
88 260 2739 2741
89 260 2740 2742
90 260 2741 2743
91 260 2742 2744
92 260 2743 2745
93 260 2744 2746
94 260 2745 2747
95 260 2746 2748
96 260 2747 2749
97 260 2748 2750
98 260 2749 2751
99 260 2750 2752
100 260 2751 2831 2901 3655
100 181 2608 2754
100 182 2753 2755
100 183 2754 2756
100 184 2755 2757
100 185 2756 2758
100 186 2757 2759
100 187 2758 2760
100 188 2759 2761
100 189 2760 2762
100 190 2761 2763
100 191 2762 2764
100 192 2763 2765
100 193 2764 2766
100 194 2765 2767
100 195 2766 2768
100 196 2767 2769
100 197 2768 2770
100 198 2769 2771
100 199 2770 2772
100 200 2771 2773
100 201 2772 2774
100 202 2773 2775
100 203 2774 2776
100 204 2775 2777
100 205 2776 2778
100 206 2777 2779
100 207 2778 2780
100 208 2779 2781
100 209 2780 2782
100 210 2781 2783
100 211 2782 2784
100 212 2783 2785
100 213 2784 2786
100 214 2785 2787
100 215 2786 2788
100 216 2787 2789
100 217 2788 2790
100 218 2789 2791
100 219 2790 2792
100 220 2791 2793
100 221 2792 2794
100 222 2793 2795
100 223 2794 2796
100 224 2795 2797
100 225 2796 2798
100 226 2797 2799
100 227 2798 2800
100 228 2799 2801
100 229 2800 2802
100 230 2801 2803
100 231 2802 2804
100 232 2803 2805
100 233 2804 2806
100 234 2805 2807
100 235 2806 2808
100 236 2807 2809
100 237 2808 2810
100 238 2809 2811
100 239 2810 2812
100 240 2811 2813
100 241 2812 2814
100 242 2813 2815
100 243 2814 2816
100 244 2815 2817
100 245 2816 2818
100 246 2817 2819
100 247 2818 2820
100 248 2819 2821
100 249 2820 2822
100 250 2821 2823
100 251 2822 2824
100 252 2823 2825
100 253 2824 2826
100 254 2825 2827
100 255 2826 2828
100 256 2827 2829
100 257 2828 2830
100 258 2829 2831
100 259 2752 2830
101 180 2608 2833
102 180 2832 2834
103 180 2833 2835
104 180 2834 2836
105 180 2835 2837
106 180 2836 2838
107 180 2837 2839
108 180 2838 2840
109 180 2839 2841
110 180 2840 2842
111 180 2841 2843
112 180 2842 2844
113 180 2843 2845
114 180 2844 2846
115 180 2845 2847
116 180 2846 2848
117 180 2847 2849
118 180 2848 2850
119 180 2849 2851
120 180 2850 2852
121 180 2851 2853
122 180 2852 2854
123 180 2853 2855
124 180 2854 2856
125 180 2855 2857
126 180 2856 2858
127 180 2857 2859
128 180 2858 2860
129 180 2859 2861
130 180 2860 2862
131 180 2861 2863
132 180 2862 2864
133 180 2863 2865
134 180 2864 2866
135 180 2865 2867
136 180 2866 2868
137 180 2867 2869
138 180 2868 2870
139 180 2869 2871
140 180 2870 2872
141 180 2871 2873
142 180 2872 2874
143 180 2873 2875
144 180 2874 2876
145 180 2875 2877
146 180 2876 2878
147 180 2877 2879
148 180 2878 2880
149 180 2879 2881
150 180 2880 2882
151 180 2881 2883
152 180 2882 2884
153 180 2883 2885
154 180 2884 2886
155 180 2885 2887
156 180 2886 2888
157 180 2887 2889
158 180 2888 2890
159 180 2889 2891
160 180 2890 2892
161 180 2891 2893
162 180 2892 2894
163 180 2893 2895
164 180 2894 2896
165 180 2895 2897
166 180 2896 2898
167 180 2897 2899
168 180 2898 2900
169 180 2131 2899
101 260 2752 2902
102 260 2901 2903
103 260 2902 2904
104 260 2903 2905
105 260 2904 2906
106 260 2905 2907
107 260 2906 2908
108 260 2907 2909
109 260 2908 2910
110 260 2909 2911
111 260 2910 2912
112 260 2911 2913
113 260 2912 2914
114 260 2913 2915
115 260 2914 2916
116 260 2915 2917
117 260 2916 2918
118 260 2917 2919
119 260 2918 2920
120 260 2919 2921
121 260 2920 2922
122 260 2921 2923
123 260 2922 2924
124 260 2923 2925
125 260 2924 2926
126 260 2925 2927
127 260 2926 2928
128 260 2927 2929
129 260 2928 2930
130 260 2929 2931
131 260 2930 2932
132 260 2931 2933
133 260 2932 2934
134 260 2933 2935
135 260 2934 2936
136 260 2935 2937
137 260 2936 2938
138 260 2937 2939
139 260 2938 2940
140 260 2939 2941
141 260 2940 2942
142 260 2941 2943
143 260 2942 2944
144 260 2943 2945
145 260 2944 2946
146 260 2945 2947
147 260 2946 2948
148 260 2947 2949
149 260 2948 2950
150 260 2949 2951
151 260 2950 2952
152 260 2951 2953
153 260 2952 2954
154 260 2953 2955
155 260 2954 2956
156 260 2955 2957
157 260 2956 2958
158 260 2957 2959
159 260 2958 2960
160 260 2959 2961
161 260 2960 2962
162 260 2961 2963
163 260 2962 2964
164 260 2963 2965
165 260 2964 2966
166 260 2965 2967
167 260 2966 2968
168 260 2967 2969
169 260 2968 2970
170 260 2969 3049 3050 3789
170 181 2131 2972
170 182 2971 2973
170 183 2972 2974
170 184 2973 2975
170 185 2974 2976
170 186 2975 2977
170 187 2976 2978
170 188 2977 2979
170 189 2978 2980
170 190 2979 2981
170 191 2980 2982
170 192 2981 2983
170 193 2982 2984
170 194 2983 2985
170 195 2984 2986
170 196 2985 2987
170 197 2986 2988
170 198 2987 2989
170 199 2988 2990
170 200 2989 2991
170 201 2990 2992
170 202 2991 2993
170 203 2992 2994
170 204 2993 2995
170 205 2994 2996
170 206 2995 2997
170 207 2996 2998
170 208 2997 2999
170 209 2998 3000
170 210 2999 3001
170 211 3000 3002
170 212 3001 3003
170 213 3002 3004
170 214 3003 3005
170 215 3004 3006
170 216 3005 3007
170 217 3006 3008
170 218 3007 3009
170 219 3008 3010
170 220 3009 3011
170 221 3010 3012
170 222 3011 3013
170 223 3012 3014
170 224 3013 3015
170 225 3014 3016
170 226 3015 3017
170 227 3016 3018
170 228 3017 3019
170 229 3018 3020
170 230 3019 3021
170 231 3020 3022
170 232 3021 3023
170 233 3022 3024
170 234 3023 3025
170 235 3024 3026
170 236 3025 3027
170 237 3026 3028
170 238 3027 3029
170 239 3028 3030
170 240 3029 3031
170 241 3030 3032
170 242 3031 3033
170 243 3032 3034
170 244 3033 3035
170 245 3034 3036
170 246 3035 3037
170 247 3036 3038
170 248 3037 3039
170 249 3038 3040
170 250 3039 3041
170 251 3040 3042
170 252 3041 3043
170 253 3042 3044
170 254 3043 3045
170 255 3044 3046
170 256 3045 3047
170 257 3046 3048
170 258 3047 3049
170 259 2970 3048
171 260 2970 3051
172 260 3050 3052
173 260 3051 3053
174 260 3052 3054
175 260 3053 3055
176 260 3054 3056
177 260 3055 3057
178 260 3056 3058
179 260 3057 3059
180 260 3058 3060
181 260 3059 3061
182 260 3060 3062
183 260 3061 3063
184 260 3062 3064
185 260 3063 3065
186 260 3064 3066
187 260 3065 3067
188 260 3066 3068
189 260 3067 3069
190 260 3068 3070
191 260 3069 3071
192 260 3070 3072
193 260 3071 3073
194 260 3072 3074
195 260 3073 3075
196 260 3074 3076
197 260 3075 3077
198 260 3076 3078
199 260 3077 3079
200 260 3078 3080
201 260 3079 3081
202 260 3080 3082
203 260 3081 3083
204 260 3082 3084
205 260 3083 3085
206 260 3084 3086
207 260 3085 3087
208 260 3086 3088
209 260 3087 3089
210 260 3088 3090
211 260 3089 3091
212 260 3090 3092
213 260 3091 3093
214 260 3092 3094
215 260 3093 3095
216 260 3094 3096
217 260 3095 3097
218 260 3096 3098
219 260 3097 3099
220 260 3098 3100
221 260 3099 3101
222 260 3100 3102
223 260 3101 3103
224 260 3102 3104
225 260 3103 3105
226 260 3104 3106
227 260 3105 3107
228 260 3106 3108
229 260 3107 3109
230 260 3108 3188 3189 3941
230 181 2191 3111
230 182 3110 3112
230 183 3111 3113
230 184 3112 3114
230 185 3113 3115
230 186 3114 3116
230 187 3115 3117
230 188 3116 3118
230 189 3117 3119
230 190 3118 3120
230 191 3119 3121
230 192 3120 3122
230 193 3121 3123
230 194 3122 3124
230 195 3123 3125
230 196 3124 3126
230 197 3125 3127
230 198 3126 3128
230 199 3127 3129
230 200 3128 3130
230 201 3129 3131
230 202 3130 3132
230 203 3131 3133
230 204 3132 3134
230 205 3133 3135
230 206 3134 3136
230 207 3135 3137
230 208 3136 3138
230 209 3137 3139
230 210 3138 3140
230 211 3139 3141
230 212 3140 3142
230 213 3141 3143
230 214 3142 3144
230 215 3143 3145
230 216 3144 3146
230 217 3145 3147
230 218 3146 3148
230 219 3147 3149
230 220 3148 3150
230 221 3149 3151
230 222 3150 3152
230 223 3151 3153
230 224 3152 3154
230 225 3153 3155
230 226 3154 3156
230 227 3155 3157
230 228 3156 3158
230 229 3157 3159
230 230 3158 3160
230 231 3159 3161
230 232 3160 3162
230 233 3161 3163
230 234 3162 3164
230 235 3163 3165
230 236 3164 3166
230 237 3165 3167
230 238 3166 3168
230 239 3167 3169
230 240 3168 3170
230 241 3169 3171
230 242 3170 3172
230 243 3171 3173
230 244 3172 3174
230 245 3173 3175
230 246 3174 3176
230 247 3175 3177
230 248 3176 3178
230 249 3177 3179
230 250 3178 3180
230 251 3179 3181
230 252 3180 3182
230 253 3181 3183
230 254 3182 3184
230 255 3183 3185
230 256 3184 3186
230 257 3185 3187
230 258 3186 3188
230 259 3109 3187
231 260 3109 3190
232 260 3189 3191
233 260 3190 3192
234 260 3191 3193
235 260 3192 3194
236 260 3193 3195
237 260 3194 3196
238 260 3195 3197
239 260 3196 3198
240 260 3197 3199
241 260 3198 3200
242 260 3199 3201
243 260 3200 3202
244 260 3201 3203
245 260 3202 3204
246 260 3203 3205
247 260 3204 3206
248 260 3205 3207
249 260 3206 3208
250 260 3207 3407 3408
250 61 1646 3210
250 62 3209 3211
250 63 3210 3212
250 64 3211 3213
250 65 3212 3214
250 66 3213 3215
250 67 3214 3216
250 68 3215 3217
250 69 3216 3218
250 70 3217 3219
250 71 3218 3220
250 72 3219 3221
250 73 3220 3222
250 74 3221 3223
250 75 3222 3224
250 76 3223 3225
250 77 3224 3226
250 78 3225 3227
250 79 3226 3228
250 80 3227 3229
250 81 3228 3230
250 82 3229 3231
250 83 3230 3232
250 84 3231 3233
250 85 3232 3234
250 86 3233 3235
250 87 3234 3236
250 88 3235 3237
250 89 3236 3238
250 90 3237 3239
250 91 3238 3240
250 92 3239 3241
250 93 3240 3242
250 94 3241 3243
250 95 3242 3244
250 96 3243 3245
250 97 3244 3246
250 98 3245 3247
250 99 3246 3248
250 100 3247 3249
250 101 3248 3250
250 102 3249 3251
250 103 3250 3252
250 104 3251 3253
250 105 3252 3254
250 106 3253 3255
250 107 3254 3256
250 108 3255 3257
250 109 3256 3258
250 110 3257 3259
250 111 3258 3260
250 112 3259 3261
250 113 3260 3262
250 114 3261 3263
250 115 3262 3264
250 116 3263 3265
250 117 3264 3266
250 118 3265 3267
250 119 3266 3268
250 120 3267 3269
250 121 3268 3270
250 122 3269 3271
250 123 3270 3272
250 124 3271 3273
250 125 3272 3274
250 126 3273 3275
250 127 3274 3276
250 128 3275 3277
250 129 3276 3278
250 130 3277 3279
250 131 3278 3280
250 132 3279 3281
250 133 3280 3282
250 134 3281 3283
250 135 3282 3284
250 136 3283 3285
250 137 3284 3286
250 138 3285 3287
250 139 3286 3288
250 140 3287 3289
250 141 3288 3290
250 142 3289 3291
250 143 3290 3292
250 144 3291 3293
250 145 3292 3294
250 146 3293 3295
250 147 3294 3296
250 148 3295 3297
250 149 3296 3298
250 150 3297 3299
250 151 3298 3300
250 152 3299 3301
250 153 3300 3302
250 154 3301 3303
250 155 3302 3304
250 156 3303 3305
250 157 3304 3306
250 158 3305 3307
250 159 3306 3308
250 160 3307 3309
250 161 3308 3310
250 162 3309 3311
250 163 3310 3312
250 164 3311 3313
250 165 3312 3314
250 166 3313 3315
250 167 3314 3316
250 168 3315 3317
250 169 3316 3318
250 170 3317 3319
250 171 3318 3320
250 172 3319 3321
250 173 3320 3322
250 174 3321 3323
250 175 3322 3324
250 176 3323 3325
250 177 3324 3326
250 178 3325 3327
250 179 3326 3328
250 180 3327 3329
250 181 3328 3330
250 182 3329 3331
250 183 3330 3332
250 184 3331 3333
250 185 3332 3334
250 186 3333 3335
250 187 3334 3336
250 188 3335 3337
250 189 3336 3338
250 190 3337 3339
250 191 3338 3340
250 192 3339 3341
250 193 3340 3342
250 194 3341 3343
250 195 3342 3344
250 196 3343 3345
250 197 3344 3346
250 198 3345 3347
250 199 3346 3348
250 200 3347 3349
250 201 3348 3350
250 202 3349 3351
250 203 3350 3352
250 204 3351 3353
250 205 3352 3354
250 206 3353 3355
250 207 3354 3356
250 208 3355 3357
250 209 3356 3358
250 210 3357 3359
250 211 3358 3360
250 212 3359 3361
250 213 3360 3362
250 214 3361 3363
250 215 3362 3364
250 216 3363 3365
250 217 3364 3366
250 218 3365 3367
250 219 3366 3368
250 220 3367 3369
250 221 3368 3370
250 222 3369 3371
250 223 3370 3372
250 224 3371 3373
250 225 3372 3374
250 226 3373 3375
250 227 3374 3376
250 228 3375 3377
250 229 3376 3378
250 230 3377 3379
250 231 3378 3380
250 232 3379 3381
250 233 3380 3382
250 234 3381 3383
250 235 3382 3384
250 236 3383 3385
250 237 3384 3386
250 238 3385 3387
250 239 3386 3388
250 240 3387 3389
250 241 3388 3390
250 242 3389 3391
250 243 3390 3392
250 244 3391 3393
250 245 3392 3394
250 246 3393 3395
250 247 3394 3396
250 248 3395 3397
250 249 3396 3398
250 250 3397 3399
250 251 3398 3400
250 252 3399 3401
250 253 3400 3402
250 254 3401 3403
250 255 3402 3404
250 256 3403 3405
250 257 3404 3406
250 258 3405 3407
250 259 3208 3406
251 260 3208 3409
252 260 3408 3410
253 260 3409 3411
254 260 3410 3412
255 260 3411 3413
256 260 3412 3414
257 260 3413 3415
258 260 3414 3416
259 260 3415 3417
260 260 3416 3418
261 260 3417 3419
262 260 3418 3420
263 260 3419 3421
264 260 3420 3422
265 260 3421 3423
266 260 3422 3424
267 260 3423 3425
268 260 3424 3426
269 260 1140 3425
15 261 2384 3428
15 262 3427 3429
15 263 3428 3430
15 264 3429 3431
15 265 3430 3432
15 266 3431 3433
15 267 3432 3434
15 268 3433 3435
15 269 3434 3436
15 270 3435 3437
15 271 3436 3438
15 272 3437 3439
15 273 3438 3440
15 274 3439 3441
15 275 3440 3442
15 276 3441 3443
15 277 3442 3444
15 278 3443 3445
15 279 3444 3446
15 280 3445 3447
15 281 3446 3448
15 282 3447 3449
15 283 3448 3450
15 284 3449 3451
15 285 3450 3452
15 286 3451 3453
15 287 3452 3454
15 288 3453 3455
15 289 3454 3456
15 290 3455 3457
15 291 3456 3458
15 292 3457 3459
15 293 3458 3460
15 294 3459 3461
15 295 3460 3462
15 296 3461 3463
15 297 3462 3464
15 298 3463 3465
15 299 3464 3466
15 300 3465 3467
15 301 3466 3468
15 302 3467 3469
15 303 3468 3470
15 304 3469 3471
15 305 3470 3472
15 306 3471 3473
15 307 3472 3474
15 308 3473 3475
15 309 3474 3476
15 310 3475 3477
15 311 3476 3478
15 312 3477 3479
15 313 3478 3480
15 314 3479 3481
15 315 3480 3482
15 316 3481 3483
15 317 3482 3484
15 318 3483 3485
15 319 3484 3486
15 320 3485 3487
15 321 3486 3488
15 322 3487 3489
15 323 3488 3490
15 324 3489 3491
15 325 3490 3492 3506
15 326 3491 3493
15 327 3492 3494
15 328 3493 3495
15 329 3494 3496
15 330 3495 3497
15 331 3496 3498
15 332 3497 3499
15 333 3498 3500
15 334 3499 3501
15 335 3500 3502
15 336 3501 3503
15 337 3502 3504
15 338 3503 3505
15 339 286 3504
16 325 3491 3507
17 325 3506 3508
18 325 3507 3509
19 325 3508 3510
20 325 3509 3511
21 325 3510 3512
22 325 3511 3513
23 325 3512 3514
24 325 3513 3515
25 325 3514 3516
26 325 3515 3517
27 325 3516 3518
28 325 3517 3519
29 325 3518 3520
30 325 3519 3521
31 325 3520 3522
32 325 3521 3523
33 325 3522 3524
34 325 3523 3525
35 325 3524 3526
36 325 3525 3527
37 325 3526 3528
38 325 3527 3529
39 325 3528 3530
40 325 3529 3531
41 325 3530 3532
42 325 3531 3533
43 325 3532 3534
44 325 3533 3535
45 325 3534 3536
46 325 3535 3537
47 325 3536 3538
48 325 3537 3539
49 325 3538 3540
50 325 3539 3604 3605
50 261 2702 3542
50 262 3541 3543
50 263 3542 3544
50 264 3543 3545
50 265 3544 3546
50 266 3545 3547
50 267 3546 3548
50 268 3547 3549
50 269 3548 3550
50 270 3549 3551
50 271 3550 3552
50 272 3551 3553
50 273 3552 3554
50 274 3553 3555
50 275 3554 3556
50 276 3555 3557
50 277 3556 3558
50 278 3557 3559
50 279 3558 3560
50 280 3559 3561
50 281 3560 3562
50 282 3561 3563
50 283 3562 3564
50 284 3563 3565
50 285 3564 3566
50 286 3565 3567
50 287 3566 3568
50 288 3567 3569
50 289 3568 3570
50 290 3569 3571
50 291 3570 3572
50 292 3571 3573
50 293 3572 3574
50 294 3573 3575
50 295 3574 3576
50 296 3575 3577
50 297 3576 3578
50 298 3577 3579
50 299 3578 3580
50 300 3579 3581
50 301 3580 3582
50 302 3581 3583
50 303 3582 3584
50 304 3583 3585
50 305 3584 3586
50 306 3585 3587
50 307 3586 3588
50 308 3587 3589
50 309 3588 3590
50 310 3589 3591
50 311 3590 3592
50 312 3591 3593
50 313 3592 3594
50 314 3593 3595
50 315 3594 3596
50 316 3595 3597
50 317 3596 3598
50 318 3597 3599
50 319 3598 3600
50 320 3599 3601
50 321 3600 3602
50 322 3601 3603
50 323 3602 3604
50 324 3540 3603
51 325 3540 3606
52 325 3605 3607
53 325 3606 3608
54 325 3607 3609
55 325 3608 3610
56 325 3609 3611
57 325 3610 3612
58 325 3611 3613
59 325 3612 3614
60 325 3613 3615
61 325 3614 3616
62 325 3615 3617
63 325 3616 3618
64 325 3617 3619
65 325 3618 3620
66 325 3619 3621
67 325 3620 3622
68 325 3621 3623
69 325 3622 3624
70 325 3623 3625
71 325 3624 3626
72 325 3625 3627
73 325 3626 3628
74 325 3627 3629
75 325 3628 3630
76 325 3629 3631
77 325 3630 3632
78 325 3631 3633
79 325 3632 3634
80 325 3633 3635
81 325 3634 3636
82 325 3635 3637
83 325 3636 3638
84 325 3637 3639
85 325 3638 3640
86 325 3639 3641
87 325 3640 3642
88 325 3641 3643
89 325 3642 3644
90 325 3643 3645
91 325 3644 3646
92 325 3645 3647
93 325 3646 3648
94 325 3647 3649
95 325 3648 3650
96 325 3649 3651
97 325 3650 3652
98 325 3651 3653
99 325 3652 3654
100 325 3653 3718 3818
100 261 2752 3656
100 262 3655 3657
100 263 3656 3658
100 264 3657 3659
100 265 3658 3660
100 266 3659 3661
100 267 3660 3662
100 268 3661 3663
100 269 3662 3664
100 270 3663 3665
100 271 3664 3666
100 272 3665 3667
100 273 3666 3668
100 274 3667 3669
100 275 3668 3670
100 276 3669 3671
100 277 3670 3672
100 278 3671 3673
100 279 3672 3674
100 280 3673 3675
100 281 3674 3676
100 282 3675 3677
100 283 3676 3678
100 284 3677 3679
100 285 3678 3680
100 286 3679 3681
100 287 3680 3682
100 288 3681 3683
100 289 3682 3684
100 290 3683 3685 3719
100 291 3684 3686
100 292 3685 3687
100 293 3686 3688
100 294 3687 3689
100 295 3688 3690
100 296 3689 3691
100 297 3690 3692
100 298 3691 3693
100 299 3692 3694
100 300 3693 3695
100 301 3694 3696
100 302 3695 3697
100 303 3696 3698
100 304 3697 3699
100 305 3698 3700
100 306 3699 3701
100 307 3700 3702
100 308 3701 3703
100 309 3702 3704
100 310 3703 3705
100 311 3704 3706
100 312 3705 3707
100 313 3706 3708
100 314 3707 3709
100 315 3708 3710
100 316 3709 3711
100 317 3710 3712
100 318 3711 3713
100 319 3712 3714
100 320 3713 3715
100 321 3714 3716
100 322 3715 3717
100 323 3716 3718
100 324 3654 3717
101 290 3684 3720
102 290 3719 3721
103 290 3720 3722
104 290 3721 3723
105 290 3722 3724
106 290 3723 3725
107 290 3724 3726
108 290 3725 3727
109 290 3726 3728
110 290 3727 3729
111 290 3728 3730
112 290 3729 3731
113 290 3730 3732
114 290 3731 3733
115 290 3732 3734
116 290 3733 3735
117 290 3734 3736
118 290 3735 3737
119 290 3736 3738
120 290 3737 3739
121 290 3738 3740
122 290 3739 3741
123 290 3740 3742
124 290 3741 3743
125 290 3742 3744
126 290 3743 3745
127 290 3744 3746
128 290 3745 3747
129 290 3746 3748
130 290 3747 3749
131 290 3748 3750
132 290 3749 3751
133 290 3750 3752
134 290 3751 3753
135 290 3752 3754
136 290 3753 3755
137 290 3754 3756
138 290 3755 3757
139 290 3756 3758
140 290 3757 3759
141 290 3758 3760
142 290 3759 3761
143 290 3760 3762
144 290 3761 3763
145 290 3762 3764
146 290 3763 3765
147 290 3764 3766
148 290 3765 3767
149 290 3766 3768
150 290 3767 3769
151 290 3768 3770
152 290 3769 3771
153 290 3770 3772
154 290 3771 3773
155 290 3772 3774
156 290 3773 3775
157 290 3774 3776
158 290 3775 3777
159 290 3776 3778
160 290 3777 3779
161 290 3778 3780
162 290 3779 3781
163 290 3780 3782
164 290 3781 3783
165 290 3782 3784
166 290 3783 3785
167 290 3784 3786
168 290 3785 3787
169 290 3786 3788
170 290 3787 3817 3832 3881
170 261 2970 3790
170 262 3789 3791
170 263 3790 3792
170 264 3791 3793
170 265 3792 3794
170 266 3793 3795
170 267 3794 3796
170 268 3795 3797
170 269 3796 3798
170 270 3797 3799
170 271 3798 3800
170 272 3799 3801
170 273 3800 3802
170 274 3801 3803
170 275 3802 3804
170 276 3803 3805
170 277 3804 3806
170 278 3805 3807
170 279 3806 3808
170 280 3807 3809
170 281 3808 3810
170 282 3809 3811
170 283 3810 3812
170 284 3811 3813
170 285 3812 3814
170 286 3813 3815
170 287 3814 3816
170 288 3815 3817
170 289 3788 3816
100 326 3654 3819
100 327 3818 3820
100 328 3819 3821
100 329 3820 3822
100 330 3821 3823
100 331 3822 3824
100 332 3823 3825
100 333 3824 3826
100 334 3825 3827
100 335 3826 3828
100 336 3827 3829
100 337 3828 3830
100 338 3829 3831
100 339 371 3830
170 291 3788 3833
170 292 3832 3834
170 293 3833 3835
170 294 3834 3836
170 295 3835 3837
170 296 3836 3838
170 297 3837 3839
170 298 3838 3840
170 299 3839 3841
170 300 3840 3842
170 301 3841 3843
170 302 3842 3844
170 303 3843 3845
170 304 3844 3846
170 305 3845 3847
170 306 3846 3848
170 307 3847 3849
170 308 3848 3850
170 309 3849 3851
170 310 3850 3852
170 311 3851 3853
170 312 3852 3854
170 313 3853 3855
170 314 3854 3856
170 315 3855 3857
170 316 3856 3858
170 317 3857 3859
170 318 3858 3860
170 319 3859 3861
170 320 3860 3862
170 321 3861 3863
170 322 3862 3864
170 323 3863 3865
170 324 3864 3866
170 325 3865 3867
170 326 3866 3868
170 327 3867 3869
170 328 3868 3870
170 329 3869 3871
170 330 3870 3872
170 331 3871 3873
170 332 3872 3874
170 333 3873 3875
170 334 3874 3876
170 335 3875 3877
170 336 3876 3878
170 337 3877 3879
170 338 3878 3880
170 339 441 3879
171 290 3788 3882
172 290 3881 3883
173 290 3882 3884
174 290 3883 3885
175 290 3884 3886
176 290 3885 3887
177 290 3886 3888
178 290 3887 3889
179 290 3888 3890
180 290 3889 3891
181 290 3890 3892
182 290 3891 3893
183 290 3892 3894
184 290 3893 3895
185 290 3894 3896
186 290 3895 3897
187 290 3896 3898
188 290 3897 3899
189 290 3898 3900
190 290 3899 3901
191 290 3900 3902
192 290 3901 3903
193 290 3902 3904
194 290 3903 3905
195 290 3904 3906
196 290 3905 3907
197 290 3906 3908
198 290 3907 3909
199 290 3908 3910
200 290 3909 3911
201 290 3910 3912
202 290 3911 3913
203 290 3912 3914
204 290 3913 3915
205 290 3914 3916
206 290 3915 3917
207 290 3916 3918
208 290 3917 3919
209 290 3918 3920
210 290 3919 3921
211 290 3920 3922
212 290 3921 3923
213 290 3922 3924
214 290 3923 3925
215 290 3924 3926
216 290 3925 3927
217 290 3926 3928
218 290 3927 3929
219 290 3928 3930
220 290 3929 3931
221 290 3930 3932
222 290 3931 3933
223 290 3932 3934
224 290 3933 3935
225 290 3934 3936
226 290 3935 3937
227 290 3936 3938
228 290 3937 3939
229 290 3938 3940
230 290 3939 3969 3970
230 261 3109 3942
230 262 3941 3943
230 263 3942 3944
230 264 3943 3945
230 265 3944 3946
230 266 3945 3947
230 267 3946 3948
230 268 3947 3949
230 269 3948 3950
230 270 3949 3951
230 271 3950 3952
230 272 3951 3953
230 273 3952 3954
230 274 3953 3955
230 275 3954 3956
230 276 3955 3957
230 277 3956 3958
230 278 3957 3959
230 279 3958 3960
230 280 3959 3961
230 281 3960 3962
230 282 3961 3963
230 283 3962 3964
230 284 3963 3965
230 285 3964 3966
230 286 3965 3967
230 287 3966 3968
230 288 3967 3969
230 289 3940 3968
230 291 3940 3971
230 292 3970 3972
230 293 3971 3973
230 294 3972 3974
230 295 3973 3975
230 296 3974 3976
230 297 3975 3977
230 298 3976 3978
230 299 3977 3979
230 300 3978 3980
230 301 3979 3981
230 302 3980 3982
230 303 3981 3983
230 304 3982 3984
230 305 3983 3985
230 306 3984 3986
230 307 3985 3987
230 308 3986 3988
230 309 3987 3989
230 310 3988 3990
230 311 3989 3991
230 312 3990 3992
230 313 3991 3993
230 314 3992 3994
230 315 3993 3995
230 316 3994 3996
230 317 3995 3997
230 318 3996 3998
230 319 3997 3999
230 320 3998 4000
230 321 3999 4001
230 322 4000 4002
230 323 4001 4003
230 324 4002 4004
230 325 4003 4005
230 326 4004 4006
230 327 4005 4007
230 328 4006 4008
230 329 4007 4009
230 330 4008 4010
230 331 4009 4011
230 332 4010 4012
230 333 4011 4013
230 334 4012 4014
230 335 4013 4015
230 336 4014 4016
230 337 4015 4017
230 338 4016 4018
230 339 501 4017
